trial0036301, AA, 717, 12, 59.750000, GDX, 206, 4, 51.500000, ZIC, 112, 4, 28.000000, ZIP, 636, 12, 53.000000, 
trial0036302, AA, 839, 12, 69.916667, GDX, 139, 4, 34.750000, ZIC, 160, 4, 40.000000, ZIP, 430, 12, 35.833333, 
trial0036303, AA, 562, 12, 46.833333, GDX, 173, 4, 43.250000, ZIC, 140, 4, 35.000000, ZIP, 700, 12, 58.333333, 
trial0036304, AA, 946, 12, 78.833333, GDX, 148, 4, 37.000000, ZIC, 2, 4, 0.500000, ZIP, 602, 12, 50.166667, 
trial0036305, AA, 466, 12, 38.833333, GDX, 159, 4, 39.750000, ZIC, 204, 4, 51.000000, ZIP, 806, 12, 67.166667, 
trial0036306, AA, 475, 12, 39.583333, GDX, 142, 4, 35.500000, ZIC, 379, 4, 94.750000, ZIP, 621, 12, 51.750000, 
trial0036307, AA, 734, 12, 61.166667, GDX, 5, 4, 1.250000, ZIC, 187, 4, 46.750000, ZIP, 766, 12, 63.833333, 
trial0036308, AA, 802, 12, 66.833333, GDX, 232, 4, 58.000000, ZIC, 119, 4, 29.750000, ZIP, 438, 12, 36.500000, 
trial0036309, AA, 644, 12, 53.666667, GDX, 382, 4, 95.500000, ZIC, 0, 4, 0.000000, ZIP, 657, 12, 54.750000, 
trial0036310, AA, 555, 12, 46.250000, GDX, 86, 4, 21.500000, ZIC, 371, 4, 92.750000, ZIP, 608, 12, 50.666667, 
trial0036311, AA, 790, 12, 65.833333, GDX, 0, 4, 0.000000, ZIC, 143, 4, 35.750000, ZIP, 738, 12, 61.500000, 
trial0036312, AA, 365, 12, 30.416667, GDX, 442, 4, 110.500000, ZIC, 115, 4, 28.750000, ZIP, 749, 12, 62.416667, 
trial0036313, AA, 631, 12, 52.583333, GDX, 192, 4, 48.000000, ZIC, 208, 4, 52.000000, ZIP, 582, 12, 48.500000, 
trial0036314, AA, 663, 12, 55.250000, GDX, 79, 4, 19.750000, ZIC, 257, 4, 64.250000, ZIP, 663, 12, 55.250000, 
trial0036315, AA, 871, 12, 72.583333, GDX, 226, 4, 56.500000, ZIC, 205, 4, 51.250000, ZIP, 360, 12, 30.000000, 
trial0036316, AA, 644, 12, 53.666667, GDX, 66, 4, 16.500000, ZIC, 14, 4, 3.500000, ZIP, 920, 12, 76.666667, 
trial0036317, AA, 816, 12, 68.000000, GDX, 387, 4, 96.750000, ZIC, 147, 4, 36.750000, ZIP, 316, 12, 26.333333, 
trial0036318, AA, 542, 12, 45.166667, GDX, 167, 4, 41.750000, ZIC, 220, 4, 55.000000, ZIP, 757, 12, 63.083333, 
trial0036319, AA, 605, 12, 50.416667, GDX, 352, 4, 88.000000, ZIC, 154, 4, 38.500000, ZIP, 464, 12, 38.666667, 
trial0036320, AA, 518, 12, 43.166667, GDX, 199, 4, 49.750000, ZIC, 0, 4, 0.000000, ZIP, 931, 12, 77.583333, 
trial0036321, AA, 827, 12, 68.916667, GDX, 336, 4, 84.000000, ZIC, 278, 4, 69.500000, ZIP, 222, 12, 18.500000, 
trial0036322, AA, 896, 12, 74.666667, GDX, 175, 4, 43.750000, ZIC, 231, 4, 57.750000, ZIP, 310, 12, 25.833333, 
trial0036323, AA, 457, 12, 38.083333, GDX, 426, 4, 106.500000, ZIC, 255, 4, 63.750000, ZIP, 541, 12, 45.083333, 
trial0036324, AA, 621, 12, 51.750000, GDX, 334, 4, 83.500000, ZIC, 333, 4, 83.250000, ZIP, 347, 12, 28.916667, 
trial0036325, AA, 501, 12, 41.750000, GDX, 84, 4, 21.000000, ZIC, 163, 4, 40.750000, ZIP, 424, 12, 35.333333, 
trial0036326, AA, 612, 12, 51.000000, GDX, 0, 4, 0.000000, ZIC, 163, 4, 40.750000, ZIP, 604, 12, 50.333333, 
trial0036327, AA, 490, 12, 40.833333, GDX, 126, 4, 31.500000, ZIC, 319, 4, 79.750000, ZIP, 473, 12, 39.416667, 
trial0036328, AA, 420, 12, 35.000000, GDX, 149, 4, 37.250000, ZIC, 58, 4, 14.500000, ZIP, 674, 12, 56.166667, 
trial0036329, AA, 370, 12, 30.833333, GDX, 93, 4, 23.250000, ZIC, 260, 4, 65.000000, ZIP, 829, 12, 69.083333, 
trial0036330, AA, 733, 12, 61.083333, GDX, 69, 4, 17.250000, ZIC, 338, 4, 84.500000, ZIP, 448, 12, 37.333333, 
trial0036331, AA, 458, 12, 38.166667, GDX, 2, 4, 0.500000, ZIC, 150, 4, 37.500000, ZIP, 546, 12, 45.500000, 
trial0036332, AA, 656, 12, 54.666667, GDX, 0, 4, 0.000000, ZIC, 83, 4, 20.750000, ZIP, 527, 12, 43.916667, 
trial0036333, AA, 570, 12, 47.500000, GDX, 31, 4, 7.750000, ZIC, 20, 4, 5.000000, ZIP, 703, 12, 58.583333, 
trial0036334, AA, 209, 12, 17.416667, GDX, 20, 4, 5.000000, ZIC, 195, 4, 48.750000, ZIP, 693, 12, 57.750000, 
trial0036335, AA, 279, 12, 23.250000, GDX, 188, 4, 47.000000, ZIC, 0, 4, 0.000000, ZIP, 419, 12, 34.916667, 
trial0036336, AA, 544, 12, 45.333333, GDX, 97, 4, 24.250000, ZIC, 97, 4, 24.250000, ZIP, 190, 12, 15.833333, 
trial0036337, AA, 484, 12, 40.333333, GDX, 60, 4, 15.000000, ZIC, 166, 4, 41.500000, ZIP, 419, 12, 34.916667, 
trial0036338, AA, 542, 12, 45.166667, GDX, 76, 4, 19.000000, ZIC, 19, 4, 4.750000, ZIP, 399, 12, 33.250000, 
trial0036339, AA, 419, 12, 34.916667, GDX, 185, 4, 46.250000, ZIC, 121, 4, 30.250000, ZIP, 252, 12, 21.000000, 
trial0036340, AA, 733, 12, 61.083333, GDX, 87, 4, 21.750000, ZIC, 85, 4, 21.250000, ZIP, 335, 12, 27.916667, 
trial0036341, AA, 325, 12, 27.083333, GDX, 177, 4, 44.250000, ZIC, 65, 4, 16.250000, ZIP, 524, 12, 43.666667, 
trial0036342, AA, 420, 12, 35.000000, GDX, 204, 4, 51.000000, ZIC, 0, 4, 0.000000, ZIP, 381, 12, 31.750000, 
trial0036343, AA, 436, 12, 36.333333, GDX, 149, 4, 37.250000, ZIC, 153, 4, 38.250000, ZIP, 520, 12, 43.333333, 
trial0036344, AA, 504, 12, 42.000000, GDX, 21, 4, 5.250000, ZIC, 174, 4, 43.500000, ZIP, 328, 12, 27.333333, 
trial0036345, AA, 490, 12, 40.833333, GDX, 77, 4, 19.250000, ZIC, 199, 4, 49.750000, ZIP, 256, 12, 21.333333, 
trial0036346, AA, 514, 12, 42.833333, GDX, 202, 4, 50.500000, ZIC, 70, 4, 17.500000, ZIP, 319, 12, 26.583333, 
trial0036347, AA, 532, 12, 44.333333, GDX, 66, 4, 16.500000, ZIC, 122, 4, 30.500000, ZIP, 380, 12, 31.666667, 
trial0036348, AA, 264, 12, 22.000000, GDX, 49, 4, 12.250000, ZIC, 77, 4, 19.250000, ZIP, 600, 12, 50.000000, 
trial0036349, AA, 469, 12, 39.083333, GDX, 175, 4, 43.750000, ZIC, 74, 4, 18.500000, ZIP, 450, 12, 37.500000, 
trial0036350, AA, 597, 12, 49.750000, GDX, 246, 4, 61.500000, ZIC, 32, 4, 8.000000, ZIP, 260, 12, 21.666667, 
trial0036351, AA, 330, 12, 27.500000, GDX, 239, 4, 59.750000, ZIC, 186, 4, 46.500000, ZIP, 364, 12, 30.333333, 
trial0036352, AA, 431, 12, 35.916667, GDX, 0, 4, 0.000000, ZIC, 191, 4, 47.750000, ZIP, 378, 12, 31.500000, 
trial0036353, AA, 528, 12, 44.000000, GDX, 129, 4, 32.250000, ZIC, 192, 4, 48.000000, ZIP, 257, 12, 21.416667, 
trial0036354, AA, 660, 12, 55.000000, GDX, 14, 4, 3.500000, ZIC, 52, 4, 13.000000, ZIP, 409, 12, 34.083333, 
trial0036355, AA, 414, 12, 34.500000, GDX, 43, 4, 10.750000, ZIC, 59, 4, 14.750000, ZIP, 408, 12, 34.000000, 
trial0036356, AA, 603, 12, 50.250000, GDX, 83, 4, 20.750000, ZIC, 81, 4, 20.250000, ZIP, 348, 12, 29.000000, 
trial0036357, AA, 387, 12, 32.250000, GDX, 131, 4, 32.750000, ZIC, 89, 4, 22.250000, ZIP, 509, 12, 42.416667, 
trial0036358, AA, 312, 12, 26.000000, GDX, 224, 4, 56.000000, ZIC, 164, 4, 41.000000, ZIP, 264, 12, 22.000000, 
trial0036359, AA, 404, 12, 33.666667, GDX, 56, 4, 14.000000, ZIC, 296, 4, 74.000000, ZIP, 335, 12, 27.916667, 
trial0036360, AA, 562, 12, 46.833333, GDX, 188, 4, 47.000000, ZIC, 126, 4, 31.500000, ZIP, 182, 12, 15.166667, 
trial0036361, AA, 211, 12, 17.583333, GDX, 122, 4, 30.500000, ZIC, 79, 4, 19.750000, ZIP, 240, 12, 20.000000, 
trial0036362, AA, 202, 12, 16.833333, GDX, 102, 4, 25.500000, ZIC, 60, 4, 15.000000, ZIP, 371, 12, 30.916667, 
trial0036363, AA, 343, 12, 28.583333, GDX, 18, 4, 4.500000, ZIC, 29, 4, 7.250000, ZIP, 353, 12, 29.416667, 
trial0036364, AA, 251, 12, 20.916667, GDX, 27, 4, 6.750000, ZIC, 121, 4, 30.250000, ZIP, 344, 12, 28.666667, 
trial0036365, AA, 152, 12, 12.666667, GDX, 123, 4, 30.750000, ZIC, 84, 4, 21.000000, ZIP, 211, 12, 17.583333, 
trial0036366, AA, 384, 12, 32.000000, GDX, 67, 4, 16.750000, ZIC, 50, 4, 12.500000, ZIP, 179, 12, 14.916667, 
trial0036367, AA, 217, 12, 18.083333, GDX, 7, 4, 1.750000, ZIC, 68, 4, 17.000000, ZIP, 315, 12, 26.250000, 
trial0036368, AA, 234, 12, 19.500000, GDX, 35, 4, 8.750000, ZIC, 64, 4, 16.000000, ZIP, 213, 12, 17.750000, 
trial0036369, AA, 289, 12, 24.083333, GDX, 98, 4, 24.500000, ZIC, 129, 4, 32.250000, ZIP, 201, 12, 16.750000, 
trial0036370, AA, 273, 12, 22.750000, GDX, 57, 4, 14.250000, ZIC, 58, 4, 14.500000, ZIP, 218, 12, 18.166667, 
trial0036371, AA, 346, 12, 28.833333, GDX, 268, 4, 67.000000, ZIC, 1, 4, 0.250000, ZIP, 219, 12, 18.250000, 
trial0036372, AA, 253, 12, 21.083333, GDX, 75, 4, 18.750000, ZIC, 30, 4, 7.500000, ZIP, 98, 12, 8.166667, 
trial0036373, AA, 285, 12, 23.750000, GDX, 0, 4, 0.000000, ZIC, 61, 4, 15.250000, ZIP, 217, 12, 18.083333, 
trial0036374, AA, 278, 12, 23.166667, GDX, 146, 4, 36.500000, ZIC, 22, 4, 5.500000, ZIP, 300, 12, 25.000000, 
trial0036375, AA, 177, 12, 14.750000, GDX, 72, 4, 18.000000, ZIC, 53, 4, 13.250000, ZIP, 271, 12, 22.583333, 
trial0036376, AA, 265, 12, 22.083333, GDX, 150, 4, 37.500000, ZIC, 41, 4, 10.250000, ZIP, 234, 12, 19.500000, 
trial0036377, AA, 134, 12, 11.166667, GDX, 65, 4, 16.250000, ZIC, 90, 4, 22.500000, ZIP, 330, 12, 27.500000, 
trial0036378, AA, 189, 12, 15.750000, GDX, 110, 4, 27.500000, ZIC, 40, 4, 10.000000, ZIP, 280, 12, 23.333333, 
trial0036379, AA, 287, 12, 23.916667, GDX, 81, 4, 20.250000, ZIC, 49, 4, 12.250000, ZIP, 250, 12, 20.833333, 
trial0036380, AA, 296, 12, 24.666667, GDX, 4, 4, 1.000000, ZIC, 67, 4, 16.750000, ZIP, 82, 12, 6.833333, 
trial0036381, AA, 283, 12, 23.583333, GDX, 74, 4, 18.500000, ZIC, 48, 4, 12.000000, ZIP, 269, 12, 22.416667, 
trial0036382, AA, 352, 12, 29.333333, GDX, 101, 4, 25.250000, ZIC, 2, 4, 0.500000, ZIP, 120, 12, 10.000000, 
trial0036383, AA, 276, 12, 23.000000, GDX, 189, 4, 47.250000, ZIC, 94, 4, 23.500000, ZIP, 152, 12, 12.666667, 
trial0036384, AA, 318, 12, 26.500000, GDX, 83, 4, 20.750000, ZIC, 0, 4, 0.000000, ZIP, 314, 12, 26.166667, 
trial0036385, AA, 193, 12, 16.083333, GDX, 99, 4, 24.750000, ZIC, 73, 4, 18.250000, ZIP, 237, 12, 19.750000, 
trial0036386, AA, 357, 12, 29.750000, GDX, 12, 4, 3.000000, ZIC, 45, 4, 11.250000, ZIP, 231, 12, 19.250000, 
trial0036387, AA, 316, 12, 26.333333, GDX, 32, 4, 8.000000, ZIC, 24, 4, 6.000000, ZIP, 284, 12, 23.666667, 
trial0036388, AA, 255, 12, 21.250000, GDX, 52, 4, 13.000000, ZIC, 79, 4, 19.750000, ZIP, 202, 12, 16.833333, 
trial0036389, AA, 220, 12, 18.333333, GDX, 47, 4, 11.750000, ZIC, 114, 4, 28.500000, ZIP, 151, 12, 12.583333, 
trial0036390, AA, 268, 12, 22.333333, GDX, 68, 4, 17.000000, ZIC, 21, 4, 5.250000, ZIP, 423, 12, 35.250000, 
trial0036391, AA, 954, 12, 79.500000, GDX, 156, 4, 39.000000, ZIC, 239, 4, 59.750000, ZIP, 515, 12, 42.916667, 
trial0036392, AA, 663, 12, 55.250000, GDX, 147, 4, 36.750000, ZIC, 240, 4, 60.000000, ZIP, 731, 12, 60.916667, 
trial0036393, AA, 805, 12, 67.083333, GDX, 6, 4, 1.500000, ZIC, 214, 4, 53.500000, ZIP, 866, 12, 72.166667, 
trial0036394, AA, 610, 12, 50.833333, GDX, 203, 4, 50.750000, ZIC, 85, 4, 21.250000, ZIP, 850, 12, 70.833333, 
trial0036395, AA, 853, 12, 71.083333, GDX, 145, 4, 36.250000, ZIC, 341, 4, 85.250000, ZIP, 545, 12, 45.416667, 
trial0036396, AA, 409, 12, 34.083333, GDX, 4, 4, 1.000000, ZIC, 437, 4, 109.250000, ZIP, 819, 12, 68.250000, 
trial0036397, AA, 597, 12, 49.750000, GDX, 191, 4, 47.750000, ZIC, 58, 4, 14.500000, ZIP, 706, 12, 58.833333, 
trial0036398, AA, 853, 12, 71.083333, GDX, 152, 4, 38.000000, ZIC, 72, 4, 18.000000, ZIP, 560, 12, 46.666667, 
trial0036399, AA, 493, 12, 41.083333, GDX, 138, 4, 34.500000, ZIC, 252, 4, 63.000000, ZIP, 967, 12, 80.583333, 
trial0036400, AA, 689, 12, 57.416667, GDX, 16, 4, 4.000000, ZIC, 77, 4, 19.250000, ZIP, 745, 12, 62.083333, 
trial0036401, AA, 586, 12, 48.833333, GDX, 264, 4, 66.000000, ZIC, 187, 4, 46.750000, ZIP, 675, 12, 56.250000, 
trial0036402, AA, 601, 12, 50.083333, GDX, 236, 4, 59.000000, ZIC, 634, 4, 158.500000, ZIP, 325, 12, 27.083333, 
trial0036403, AA, 569, 12, 47.416667, GDX, 182, 4, 45.500000, ZIC, 358, 4, 89.500000, ZIP, 534, 12, 44.500000, 
trial0036404, AA, 964, 12, 80.333333, GDX, 88, 4, 22.000000, ZIC, 57, 4, 14.250000, ZIP, 558, 12, 46.500000, 
trial0036405, AA, 433, 12, 36.083333, GDX, 245, 4, 61.250000, ZIC, 84, 4, 21.000000, ZIP, 668, 12, 55.666667, 
trial0036406, AA, 808, 12, 67.333333, GDX, 150, 4, 37.500000, ZIC, 263, 4, 65.750000, ZIP, 492, 12, 41.000000, 
trial0036407, AA, 896, 12, 74.666667, GDX, 436, 4, 109.000000, ZIC, 61, 4, 15.250000, ZIP, 444, 12, 37.000000, 
trial0036408, AA, 847, 12, 70.583333, GDX, 386, 4, 96.500000, ZIC, 16, 4, 4.000000, ZIP, 505, 12, 42.083333, 
trial0036409, AA, 428, 12, 35.666667, GDX, 566, 4, 141.500000, ZIC, 168, 4, 42.000000, ZIP, 729, 12, 60.750000, 
trial0036410, AA, 725, 12, 60.416667, GDX, 161, 4, 40.250000, ZIC, 64, 4, 16.000000, ZIP, 697, 12, 58.083333, 
trial0036411, AA, 631, 12, 52.583333, GDX, 174, 4, 43.500000, ZIC, 235, 4, 58.750000, ZIP, 589, 12, 49.083333, 
trial0036412, AA, 564, 12, 47.000000, GDX, 172, 4, 43.000000, ZIC, 319, 4, 79.750000, ZIP, 707, 12, 58.916667, 
trial0036413, AA, 641, 12, 53.416667, GDX, 86, 4, 21.500000, ZIC, 474, 4, 118.500000, ZIP, 378, 12, 31.500000, 
trial0036414, AA, 747, 12, 62.250000, GDX, 363, 4, 90.750000, ZIC, 9, 4, 2.250000, ZIP, 320, 12, 26.666667, 
trial0036415, AA, 644, 12, 53.666667, GDX, 93, 4, 23.250000, ZIC, 190, 4, 47.500000, ZIP, 908, 12, 75.666667, 
trial0036416, AA, 718, 12, 59.833333, GDX, 104, 4, 26.000000, ZIC, 378, 4, 94.500000, ZIP, 578, 12, 48.166667, 
trial0036417, AA, 501, 12, 41.750000, GDX, 269, 4, 67.250000, ZIC, 462, 4, 115.500000, ZIP, 426, 12, 35.500000, 
trial0036418, AA, 543, 12, 45.250000, GDX, 243, 4, 60.750000, ZIC, 185, 4, 46.250000, ZIP, 912, 12, 76.000000, 
trial0036419, AA, 355, 12, 29.583333, GDX, 256, 4, 64.000000, ZIC, 378, 4, 94.500000, ZIP, 430, 12, 35.833333, 
trial0036420, AA, 839, 12, 69.916667, GDX, 191, 4, 47.750000, ZIC, 96, 4, 24.000000, ZIP, 536, 12, 44.666667, 
trial0036421, AA, 233, 12, 19.416667, GDX, 165, 4, 41.250000, ZIC, 21, 4, 5.250000, ZIP, 257, 12, 21.416667, 
trial0036422, AA, 274, 12, 22.833333, GDX, 70, 4, 17.500000, ZIC, 14, 4, 3.500000, ZIP, 119, 12, 9.916667, 
trial0036423, AA, 162, 12, 13.500000, GDX, 9, 4, 2.250000, ZIC, 64, 4, 16.000000, ZIP, 284, 12, 23.666667, 
trial0036424, AA, 269, 12, 22.416667, GDX, 113, 4, 28.250000, ZIC, 0, 4, 0.000000, ZIP, 254, 12, 21.166667, 
trial0036425, AA, 157, 12, 13.083333, GDX, 46, 4, 11.500000, ZIC, 58, 4, 14.500000, ZIP, 210, 12, 17.500000, 
trial0036426, AA, 146, 12, 12.166667, GDX, 142, 4, 35.500000, ZIC, 36, 4, 9.000000, ZIP, 83, 12, 6.916667, 
trial0036427, AA, 254, 12, 21.166667, GDX, 4, 4, 1.000000, ZIC, 100, 4, 25.000000, ZIP, 269, 12, 22.416667, 
trial0036428, AA, 215, 12, 17.916667, GDX, 25, 4, 6.250000, ZIC, 53, 4, 13.250000, ZIP, 237, 12, 19.750000, 
trial0036429, AA, 215, 12, 17.916667, GDX, 53, 4, 13.250000, ZIC, 43, 4, 10.750000, ZIP, 278, 12, 23.166667, 
trial0036430, AA, 198, 12, 16.500000, GDX, 48, 4, 12.000000, ZIC, 62, 4, 15.500000, ZIP, 312, 12, 26.000000, 
trial0036431, AA, 272, 12, 22.666667, GDX, 9, 4, 2.250000, ZIC, 104, 4, 26.000000, ZIP, 89, 12, 7.416667, 
trial0036432, AA, 264, 12, 22.000000, GDX, 37, 4, 9.250000, ZIC, 33, 4, 8.250000, ZIP, 228, 12, 19.000000, 
trial0036433, AA, 268, 12, 22.333333, GDX, 116, 4, 29.000000, ZIC, 38, 4, 9.500000, ZIP, 192, 12, 16.000000, 
trial0036434, AA, 336, 12, 28.000000, GDX, 119, 4, 29.750000, ZIC, 0, 4, 0.000000, ZIP, 107, 12, 8.916667, 
trial0036435, AA, 358, 12, 29.833333, GDX, 62, 4, 15.500000, ZIC, 50, 4, 12.500000, ZIP, 137, 12, 11.416667, 
trial0036436, AA, 172, 12, 14.333333, GDX, 34, 4, 8.500000, ZIC, 68, 4, 17.000000, ZIP, 210, 12, 17.500000, 
trial0036437, AA, 234, 12, 19.500000, GDX, 114, 4, 28.500000, ZIC, 54, 4, 13.500000, ZIP, 221, 12, 18.416667, 
trial0036438, AA, 310, 12, 25.833333, GDX, 54, 4, 13.500000, ZIC, 40, 4, 10.000000, ZIP, 247, 12, 20.583333, 
trial0036439, AA, 159, 12, 13.250000, GDX, 45, 4, 11.250000, ZIC, 93, 4, 23.250000, ZIP, 332, 12, 27.666667, 
trial0036440, AA, 209, 12, 17.416667, GDX, 81, 4, 20.250000, ZIC, 0, 4, 0.000000, ZIP, 318, 12, 26.500000, 
trial0036441, AA, 311, 12, 25.916667, GDX, 94, 4, 23.500000, ZIC, 39, 4, 9.750000, ZIP, 205, 12, 17.083333, 
trial0036442, AA, 261, 12, 21.750000, GDX, 68, 4, 17.000000, ZIC, 0, 4, 0.000000, ZIP, 135, 12, 11.250000, 
trial0036443, AA, 288, 12, 24.000000, GDX, 132, 4, 33.000000, ZIC, 44, 4, 11.000000, ZIP, 69, 12, 5.750000, 
trial0036444, AA, 222, 12, 18.500000, GDX, 52, 4, 13.000000, ZIC, 59, 4, 14.750000, ZIP, 190, 12, 15.833333, 
trial0036445, AA, 360, 12, 30.000000, GDX, 18, 4, 4.500000, ZIC, 42, 4, 10.500000, ZIP, 153, 12, 12.750000, 
trial0036446, AA, 130, 12, 10.833333, GDX, 129, 4, 32.250000, ZIC, 115, 4, 28.750000, ZIP, 323, 12, 26.916667, 
trial0036447, AA, 297, 12, 24.750000, GDX, 52, 4, 13.000000, ZIC, 66, 4, 16.500000, ZIP, 173, 12, 14.416667, 
trial0036448, AA, 288, 12, 24.000000, GDX, 40, 4, 10.000000, ZIC, 46, 4, 11.500000, ZIP, 209, 12, 17.416667, 
trial0036449, AA, 330, 12, 27.500000, GDX, 52, 4, 13.000000, ZIC, 0, 4, 0.000000, ZIP, 278, 12, 23.166667, 
trial0036450, AA, 71, 12, 5.916667, GDX, 94, 4, 23.500000, ZIC, 104, 4, 26.000000, ZIP, 268, 12, 22.333333, 
trial0036451, AA, 369, 12, 30.750000, GDX, 0, 4, 0.000000, ZIC, 130, 4, 32.500000, ZIP, 446, 12, 37.166667, 
trial0036452, AA, 240, 12, 20.000000, GDX, 258, 4, 64.500000, ZIC, 138, 4, 34.500000, ZIP, 474, 12, 39.500000, 
trial0036453, AA, 457, 12, 38.083333, GDX, 87, 4, 21.750000, ZIC, 0, 4, 0.000000, ZIP, 549, 12, 45.750000, 
trial0036454, AA, 557, 12, 46.416667, GDX, 108, 4, 27.000000, ZIC, 0, 4, 0.000000, ZIP, 370, 12, 30.833333, 
trial0036455, AA, 469, 12, 39.083333, GDX, 187, 4, 46.750000, ZIC, 202, 4, 50.500000, ZIP, 386, 12, 32.166667, 
trial0036456, AA, 579, 12, 48.250000, GDX, 173, 4, 43.250000, ZIC, 178, 4, 44.500000, ZIP, 204, 12, 17.000000, 
trial0036457, AA, 321, 12, 26.750000, GDX, 136, 4, 34.000000, ZIC, 145, 4, 36.250000, ZIP, 560, 12, 46.666667, 
trial0036458, AA, 446, 12, 37.166667, GDX, 134, 4, 33.500000, ZIC, 153, 4, 38.250000, ZIP, 401, 12, 33.416667, 
trial0036459, AA, 422, 12, 35.166667, GDX, 38, 4, 9.500000, ZIC, 44, 4, 11.000000, ZIP, 664, 12, 55.333333, 
trial0036460, AA, 186, 12, 15.500000, GDX, 302, 4, 75.500000, ZIC, 0, 4, 0.000000, ZIP, 752, 12, 62.666667, 
trial0036461, AA, 593, 12, 49.416667, GDX, 37, 4, 9.250000, ZIC, 75, 4, 18.750000, ZIP, 425, 12, 35.416667, 
trial0036462, AA, 619, 12, 51.583333, GDX, 189, 4, 47.250000, ZIC, 271, 4, 67.750000, ZIP, 102, 12, 8.500000, 
trial0036463, AA, 600, 12, 50.000000, GDX, 126, 4, 31.500000, ZIC, 64, 4, 16.000000, ZIP, 448, 12, 37.333333, 
trial0036464, AA, 430, 12, 35.833333, GDX, 227, 4, 56.750000, ZIC, 110, 4, 27.500000, ZIP, 348, 12, 29.000000, 
trial0036465, AA, 515, 12, 42.916667, GDX, 62, 4, 15.500000, ZIC, 0, 4, 0.000000, ZIP, 711, 12, 59.250000, 
trial0036466, AA, 347, 12, 28.916667, GDX, 94, 4, 23.500000, ZIC, 0, 4, 0.000000, ZIP, 588, 12, 49.000000, 
trial0036467, AA, 416, 12, 34.666667, GDX, 193, 4, 48.250000, ZIC, 93, 4, 23.250000, ZIP, 475, 12, 39.583333, 
trial0036468, AA, 637, 12, 53.083333, GDX, 138, 4, 34.500000, ZIC, 39, 4, 9.750000, ZIP, 395, 12, 32.916667, 
trial0036469, AA, 440, 12, 36.666667, GDX, 140, 4, 35.000000, ZIC, 0, 4, 0.000000, ZIP, 485, 12, 40.416667, 
trial0036470, AA, 508, 12, 42.333333, GDX, 112, 4, 28.000000, ZIC, 38, 4, 9.500000, ZIP, 595, 12, 49.583333, 
trial0036471, AA, 470, 12, 39.166667, GDX, 115, 4, 28.750000, ZIC, 178, 4, 44.500000, ZIP, 284, 12, 23.666667, 
trial0036472, AA, 274, 12, 22.833333, GDX, 164, 4, 41.000000, ZIC, 50, 4, 12.500000, ZIP, 756, 12, 63.000000, 
trial0036473, AA, 318, 12, 26.500000, GDX, 242, 4, 60.500000, ZIC, 110, 4, 27.500000, ZIP, 454, 12, 37.833333, 
trial0036474, AA, 301, 12, 25.083333, GDX, 128, 4, 32.000000, ZIC, 179, 4, 44.750000, ZIP, 494, 12, 41.166667, 
trial0036475, AA, 230, 12, 19.166667, GDX, 134, 4, 33.500000, ZIC, 263, 4, 65.750000, ZIP, 568, 12, 47.333333, 
trial0036476, AA, 657, 12, 54.750000, GDX, 176, 4, 44.000000, ZIC, 82, 4, 20.500000, ZIP, 224, 12, 18.666667, 
trial0036477, AA, 307, 12, 25.583333, GDX, 127, 4, 31.750000, ZIC, 22, 4, 5.500000, ZIP, 569, 12, 47.416667, 
trial0036478, AA, 586, 12, 48.833333, GDX, 25, 4, 6.250000, ZIC, 247, 4, 61.750000, ZIP, 473, 12, 39.416667, 
trial0036479, AA, 291, 12, 24.250000, GDX, 243, 4, 60.750000, ZIC, 116, 4, 29.000000, ZIP, 490, 12, 40.833333, 
trial0036480, AA, 797, 12, 66.416667, GDX, 71, 4, 17.750000, ZIC, 30, 4, 7.500000, ZIP, 394, 12, 32.833333, 
trial0036481, AA, 517, 12, 43.083333, GDX, 301, 4, 75.250000, ZIC, 0, 4, 0.000000, ZIP, 1078, 12, 89.833333, 
trial0036482, AA, 970, 12, 80.833333, GDX, 207, 4, 51.750000, ZIC, 126, 4, 31.500000, ZIP, 350, 12, 29.166667, 
trial0036483, AA, 748, 12, 62.333333, GDX, 163, 4, 40.750000, ZIC, 7, 4, 1.750000, ZIP, 976, 12, 81.333333, 
trial0036484, AA, 674, 12, 56.166667, GDX, 117, 4, 29.250000, ZIC, 0, 4, 0.000000, ZIP, 714, 12, 59.500000, 
trial0036485, AA, 649, 12, 54.083333, GDX, 165, 4, 41.250000, ZIC, 368, 4, 92.000000, ZIP, 367, 12, 30.583333, 
trial0036486, AA, 479, 12, 39.916667, GDX, 309, 4, 77.250000, ZIC, 162, 4, 40.500000, ZIP, 684, 12, 57.000000, 
trial0036487, AA, 591, 12, 49.250000, GDX, 144, 4, 36.000000, ZIC, 425, 4, 106.250000, ZIP, 553, 12, 46.083333, 
trial0036488, AA, 753, 12, 62.750000, GDX, 511, 4, 127.750000, ZIC, 222, 4, 55.500000, ZIP, 428, 12, 35.666667, 
trial0036489, AA, 699, 12, 58.250000, GDX, 209, 4, 52.250000, ZIC, 288, 4, 72.000000, ZIP, 575, 12, 47.916667, 
trial0036490, AA, 505, 12, 42.083333, GDX, 238, 4, 59.500000, ZIC, 72, 4, 18.000000, ZIP, 804, 12, 67.000000, 
trial0036491, AA, 734, 12, 61.166667, GDX, 234, 4, 58.500000, ZIC, 192, 4, 48.000000, ZIP, 694, 12, 57.833333, 
trial0036492, AA, 614, 12, 51.166667, GDX, 0, 4, 0.000000, ZIC, 364, 4, 91.000000, ZIP, 759, 12, 63.250000, 
trial0036493, AA, 751, 12, 62.583333, GDX, 42, 4, 10.500000, ZIC, 415, 4, 103.750000, ZIP, 610, 12, 50.833333, 
trial0036494, AA, 411, 12, 34.250000, GDX, 369, 4, 92.250000, ZIC, 199, 4, 49.750000, ZIP, 737, 12, 61.416667, 
trial0036495, AA, 845, 12, 70.416667, GDX, 102, 4, 25.500000, ZIC, 113, 4, 28.250000, ZIP, 418, 12, 34.833333, 
trial0036496, AA, 584, 12, 48.666667, GDX, 69, 4, 17.250000, ZIC, 370, 4, 92.500000, ZIP, 928, 12, 77.333333, 
trial0036497, AA, 991, 12, 82.583333, GDX, 173, 4, 43.250000, ZIC, 7, 4, 1.750000, ZIP, 748, 12, 62.333333, 
trial0036498, AA, 777, 12, 64.750000, GDX, 31, 4, 7.750000, ZIC, 210, 4, 52.500000, ZIP, 788, 12, 65.666667, 
trial0036499, AA, 534, 12, 44.500000, GDX, 191, 4, 47.750000, ZIC, 114, 4, 28.500000, ZIP, 827, 12, 68.916667, 
trial0036500, AA, 591, 12, 49.250000, GDX, 424, 4, 106.000000, ZIC, 123, 4, 30.750000, ZIP, 559, 12, 46.583333, 
trial0036501, AA, 554, 12, 46.166667, GDX, 120, 4, 30.000000, ZIC, 227, 4, 56.750000, ZIP, 703, 12, 58.583333, 
trial0036502, AA, 760, 12, 63.333333, GDX, 319, 4, 79.750000, ZIC, 334, 4, 83.500000, ZIP, 468, 12, 39.000000, 
trial0036503, AA, 686, 12, 57.166667, GDX, 88, 4, 22.000000, ZIC, 41, 4, 10.250000, ZIP, 806, 12, 67.166667, 
trial0036504, AA, 856, 12, 71.333333, GDX, 234, 4, 58.500000, ZIC, 251, 4, 62.750000, ZIP, 327, 12, 27.250000, 
trial0036505, AA, 910, 12, 75.833333, GDX, 176, 4, 44.000000, ZIC, 206, 4, 51.500000, ZIP, 550, 12, 45.833333, 
trial0036506, AA, 628, 12, 52.333333, GDX, 131, 4, 32.750000, ZIC, 231, 4, 57.750000, ZIP, 568, 12, 47.333333, 
trial0036507, AA, 742, 12, 61.833333, GDX, 0, 4, 0.000000, ZIC, 61, 4, 15.250000, ZIP, 687, 12, 57.250000, 
trial0036508, AA, 786, 12, 65.500000, GDX, 419, 4, 104.750000, ZIC, 19, 4, 4.750000, ZIP, 493, 12, 41.083333, 
trial0036509, AA, 558, 12, 46.500000, GDX, 40, 4, 10.000000, ZIC, 184, 4, 46.000000, ZIP, 925, 12, 77.083333, 
trial0036510, AA, 439, 12, 36.583333, GDX, 315, 4, 78.750000, ZIC, 449, 4, 112.250000, ZIP, 768, 12, 64.000000, 
trial0036511, AA, 357, 12, 29.750000, GDX, 77, 4, 19.250000, ZIC, 294, 4, 73.500000, ZIP, 662, 12, 55.166667, 
trial0036512, AA, 600, 12, 50.000000, GDX, 269, 4, 67.250000, ZIC, 203, 4, 50.750000, ZIP, 369, 12, 30.750000, 
trial0036513, AA, 512, 12, 42.666667, GDX, 32, 4, 8.000000, ZIC, 9, 4, 2.250000, ZIP, 847, 12, 70.583333, 
trial0036514, AA, 613, 12, 51.083333, GDX, 51, 4, 12.750000, ZIC, 110, 4, 27.500000, ZIP, 410, 12, 34.166667, 
trial0036515, AA, 591, 12, 49.250000, GDX, 0, 4, 0.000000, ZIC, 192, 4, 48.000000, ZIP, 531, 12, 44.250000, 
trial0036516, AA, 564, 12, 47.000000, GDX, 74, 4, 18.500000, ZIC, 8, 4, 2.000000, ZIP, 666, 12, 55.500000, 
trial0036517, AA, 621, 12, 51.750000, GDX, 156, 4, 39.000000, ZIC, 48, 4, 12.000000, ZIP, 736, 12, 61.333333, 
trial0036518, AA, 486, 12, 40.500000, GDX, 0, 4, 0.000000, ZIC, 216, 4, 54.000000, ZIP, 456, 12, 38.000000, 
trial0036519, AA, 393, 12, 32.750000, GDX, 145, 4, 36.250000, ZIC, 261, 4, 65.250000, ZIP, 363, 12, 30.250000, 
trial0036520, AA, 594, 12, 49.500000, GDX, 81, 4, 20.250000, ZIC, 99, 4, 24.750000, ZIP, 410, 12, 34.166667, 
trial0036521, AA, 380, 12, 31.666667, GDX, 113, 4, 28.250000, ZIC, 148, 4, 37.000000, ZIP, 430, 12, 35.833333, 
trial0036522, AA, 535, 12, 44.583333, GDX, 248, 4, 62.000000, ZIC, 242, 4, 60.500000, ZIP, 354, 12, 29.500000, 
trial0036523, AA, 527, 12, 43.916667, GDX, 90, 4, 22.500000, ZIC, 171, 4, 42.750000, ZIP, 692, 12, 57.666667, 
trial0036524, AA, 575, 12, 47.916667, GDX, 89, 4, 22.250000, ZIC, 87, 4, 21.750000, ZIP, 543, 12, 45.250000, 
trial0036525, AA, 748, 12, 62.333333, GDX, 14, 4, 3.500000, ZIC, 0, 4, 0.000000, ZIP, 429, 12, 35.750000, 
trial0036526, AA, 569, 12, 47.416667, GDX, 243, 4, 60.750000, ZIC, 39, 4, 9.750000, ZIP, 616, 12, 51.333333, 
trial0036527, AA, 441, 12, 36.750000, GDX, 210, 4, 52.500000, ZIC, 222, 4, 55.500000, ZIP, 479, 12, 39.916667, 
trial0036528, AA, 343, 12, 28.583333, GDX, 186, 4, 46.500000, ZIC, 19, 4, 4.750000, ZIP, 842, 12, 70.166667, 
trial0036529, AA, 335, 12, 27.916667, GDX, 145, 4, 36.250000, ZIC, 94, 4, 23.500000, ZIP, 724, 12, 60.333333, 
trial0036530, AA, 344, 12, 28.666667, GDX, 388, 4, 97.000000, ZIC, 151, 4, 37.750000, ZIP, 498, 12, 41.500000, 
trial0036531, AA, 737, 12, 61.416667, GDX, 105, 4, 26.250000, ZIC, 111, 4, 27.750000, ZIP, 288, 12, 24.000000, 
trial0036532, AA, 531, 12, 44.250000, GDX, 206, 4, 51.500000, ZIC, 193, 4, 48.250000, ZIP, 418, 12, 34.833333, 
trial0036533, AA, 650, 12, 54.166667, GDX, 248, 4, 62.000000, ZIC, 192, 4, 48.000000, ZIP, 335, 12, 27.916667, 
trial0036534, AA, 508, 12, 42.333333, GDX, 100, 4, 25.000000, ZIC, 113, 4, 28.250000, ZIP, 576, 12, 48.000000, 
trial0036535, AA, 504, 12, 42.000000, GDX, 108, 4, 27.000000, ZIC, 225, 4, 56.250000, ZIP, 605, 12, 50.416667, 
trial0036536, AA, 701, 12, 58.416667, GDX, 143, 4, 35.750000, ZIC, 0, 4, 0.000000, ZIP, 508, 12, 42.333333, 
trial0036537, AA, 759, 12, 63.250000, GDX, 52, 4, 13.000000, ZIC, 118, 4, 29.500000, ZIP, 577, 12, 48.083333, 
trial0036538, AA, 574, 12, 47.833333, GDX, 201, 4, 50.250000, ZIC, 7, 4, 1.750000, ZIP, 453, 12, 37.750000, 
trial0036539, AA, 657, 12, 54.750000, GDX, 205, 4, 51.250000, ZIC, 160, 4, 40.000000, ZIP, 460, 12, 38.333333, 
trial0036540, AA, 532, 12, 44.333333, GDX, 293, 4, 73.250000, ZIC, 384, 4, 96.000000, ZIP, 148, 12, 12.333333, 
trial0036541, AA, 136, 12, 11.333333, GDX, 66, 4, 16.500000, ZIC, 37, 4, 9.250000, ZIP, 106, 12, 8.833333, 
trial0036542, AA, 106, 12, 8.833333, GDX, 82, 4, 20.500000, ZIC, 5, 4, 1.250000, ZIP, 287, 12, 23.916667, 
trial0036543, AA, 124, 12, 10.333333, GDX, 38, 4, 9.500000, ZIC, 18, 4, 4.500000, ZIP, 175, 12, 14.583333, 
trial0036544, AA, 96, 12, 8.000000, GDX, 46, 4, 11.500000, ZIC, 12, 4, 3.000000, ZIP, 168, 12, 14.000000, 
trial0036545, AA, 193, 12, 16.083333, GDX, 72, 4, 18.000000, ZIC, 95, 4, 23.750000, ZIP, 99, 12, 8.250000, 
trial0036546, AA, 159, 12, 13.250000, GDX, 20, 4, 5.000000, ZIC, 54, 4, 13.500000, ZIP, 215, 12, 17.916667, 
trial0036547, AA, 115, 12, 9.583333, GDX, 59, 4, 14.750000, ZIC, 32, 4, 8.000000, ZIP, 299, 12, 24.916667, 
trial0036548, AA, 225, 12, 18.750000, GDX, 45, 4, 11.250000, ZIC, 38, 4, 9.500000, ZIP, 132, 12, 11.000000, 
trial0036549, AA, 124, 12, 10.333333, GDX, 95, 4, 23.750000, ZIC, 9, 4, 2.250000, ZIP, 348, 12, 29.000000, 
trial0036550, AA, 121, 12, 10.083333, GDX, 43, 4, 10.750000, ZIC, 0, 4, 0.000000, ZIP, 148, 12, 12.333333, 
trial0036551, AA, 162, 12, 13.500000, GDX, 24, 4, 6.000000, ZIC, 38, 4, 9.500000, ZIP, 94, 12, 7.833333, 
trial0036552, AA, 135, 12, 11.250000, GDX, 44, 4, 11.000000, ZIC, 15, 4, 3.750000, ZIP, 161, 12, 13.416667, 
trial0036553, AA, 162, 12, 13.500000, GDX, 31, 4, 7.750000, ZIC, 29, 4, 7.250000, ZIP, 221, 12, 18.416667, 
trial0036554, AA, 70, 12, 5.833333, GDX, 37, 4, 9.250000, ZIC, 59, 4, 14.750000, ZIP, 226, 12, 18.833333, 
trial0036555, AA, 199, 12, 16.583333, GDX, 20, 4, 5.000000, ZIC, 0, 4, 0.000000, ZIP, 160, 12, 13.333333, 
trial0036556, AA, 77, 12, 6.416667, GDX, 96, 4, 24.000000, ZIC, 7, 4, 1.750000, ZIP, 288, 12, 24.000000, 
trial0036557, AA, 139, 12, 11.583333, GDX, 74, 4, 18.500000, ZIC, 0, 4, 0.000000, ZIP, 158, 12, 13.166667, 
trial0036558, AA, 36, 12, 3.000000, GDX, 80, 4, 20.000000, ZIC, 24, 4, 6.000000, ZIP, 383, 12, 31.916667, 
trial0036559, AA, 158, 12, 13.166667, GDX, 18, 4, 4.500000, ZIC, 37, 4, 9.250000, ZIP, 247, 12, 20.583333, 
trial0036560, AA, 140, 12, 11.666667, GDX, 0, 4, 0.000000, ZIC, 19, 4, 4.750000, ZIP, 74, 12, 6.166667, 
trial0036561, AA, 86, 12, 7.166667, GDX, 0, 4, 0.000000, ZIC, 0, 4, 0.000000, ZIP, 429, 12, 35.750000, 
trial0036562, AA, 189, 12, 15.750000, GDX, 37, 4, 9.250000, ZIC, 6, 4, 1.500000, ZIP, 169, 12, 14.083333, 
trial0036563, AA, 99, 12, 8.250000, GDX, 61, 4, 15.250000, ZIC, 0, 4, 0.000000, ZIP, 211, 12, 17.583333, 
trial0036564, AA, 130, 12, 10.833333, GDX, 38, 4, 9.500000, ZIC, 32, 4, 8.000000, ZIP, 104, 12, 8.666667, 
trial0036565, AA, 126, 12, 10.500000, GDX, 21, 4, 5.250000, ZIC, 7, 4, 1.750000, ZIP, 213, 12, 17.750000, 
trial0036566, AA, 114, 12, 9.500000, GDX, 50, 4, 12.500000, ZIC, 6, 4, 1.500000, ZIP, 148, 12, 12.333333, 
trial0036567, AA, 131, 12, 10.916667, GDX, 41, 4, 10.250000, ZIC, 8, 4, 2.000000, ZIP, 113, 12, 9.416667, 
trial0036568, AA, 192, 12, 16.000000, GDX, 47, 4, 11.750000, ZIC, 8, 4, 2.000000, ZIP, 46, 12, 3.833333, 
trial0036569, AA, 116, 12, 9.666667, GDX, 35, 4, 8.750000, ZIC, 36, 4, 9.000000, ZIP, 141, 12, 11.750000, 
trial0036570, AA, 190, 12, 15.833333, GDX, 48, 4, 12.000000, ZIC, 62, 4, 15.500000, ZIP, 64, 12, 5.333333, 
trial0036571, AA, 440, 12, 36.666667, GDX, 126, 4, 31.500000, ZIC, 195, 4, 48.750000, ZIP, 365, 12, 30.416667, 
trial0036572, AA, 730, 12, 60.833333, GDX, 23, 4, 5.750000, ZIC, 0, 4, 0.000000, ZIP, 443, 12, 36.916667, 
trial0036573, AA, 369, 12, 30.750000, GDX, 76, 4, 19.000000, ZIC, 301, 4, 75.250000, ZIP, 478, 12, 39.833333, 
trial0036574, AA, 265, 12, 22.083333, GDX, 95, 4, 23.750000, ZIC, 304, 4, 76.000000, ZIP, 512, 12, 42.666667, 
trial0036575, AA, 825, 12, 68.750000, GDX, 62, 4, 15.500000, ZIC, 0, 4, 0.000000, ZIP, 278, 12, 23.166667, 
trial0036576, AA, 705, 12, 58.750000, GDX, 39, 4, 9.750000, ZIC, 82, 4, 20.500000, ZIP, 342, 12, 28.500000, 
trial0036577, AA, 341, 12, 28.416667, GDX, 138, 4, 34.500000, ZIC, 137, 4, 34.250000, ZIP, 458, 12, 38.166667, 
trial0036578, AA, 675, 12, 56.250000, GDX, 0, 4, 0.000000, ZIC, 48, 4, 12.000000, ZIP, 428, 12, 35.666667, 
trial0036579, AA, 491, 12, 40.916667, GDX, 96, 4, 24.000000, ZIC, 145, 4, 36.250000, ZIP, 446, 12, 37.166667, 
trial0036580, AA, 425, 12, 35.416667, GDX, 170, 4, 42.500000, ZIC, 144, 4, 36.000000, ZIP, 392, 12, 32.666667, 
trial0036581, AA, 611, 12, 50.916667, GDX, 53, 4, 13.250000, ZIC, 54, 4, 13.500000, ZIP, 440, 12, 36.666667, 
trial0036582, AA, 486, 12, 40.500000, GDX, 263, 4, 65.750000, ZIC, 96, 4, 24.000000, ZIP, 316, 12, 26.333333, 
trial0036583, AA, 493, 12, 41.083333, GDX, 286, 4, 71.500000, ZIC, 182, 4, 45.500000, ZIP, 179, 12, 14.916667, 
trial0036584, AA, 549, 12, 45.750000, GDX, 67, 4, 16.750000, ZIC, 25, 4, 6.250000, ZIP, 500, 12, 41.666667, 
trial0036585, AA, 369, 12, 30.750000, GDX, 144, 4, 36.000000, ZIC, 220, 4, 55.000000, ZIP, 390, 12, 32.500000, 
trial0036586, AA, 313, 12, 26.083333, GDX, 305, 4, 76.250000, ZIC, 78, 4, 19.500000, ZIP, 436, 12, 36.333333, 
trial0036587, AA, 565, 12, 47.083333, GDX, 31, 4, 7.750000, ZIC, 121, 4, 30.250000, ZIP, 417, 12, 34.750000, 
trial0036588, AA, 641, 12, 53.416667, GDX, 8, 4, 2.000000, ZIC, 50, 4, 12.500000, ZIP, 393, 12, 32.750000, 
trial0036589, AA, 278, 12, 23.166667, GDX, 123, 4, 30.750000, ZIC, 64, 4, 16.000000, ZIP, 496, 12, 41.333333, 
trial0036590, AA, 377, 12, 31.416667, GDX, 291, 4, 72.750000, ZIC, 139, 4, 34.750000, ZIP, 391, 12, 32.583333, 
trial0036591, AA, 571, 12, 47.583333, GDX, 145, 4, 36.250000, ZIC, 214, 4, 53.500000, ZIP, 116, 12, 9.666667, 
trial0036592, AA, 439, 12, 36.583333, GDX, 125, 4, 31.250000, ZIC, 214, 4, 53.500000, ZIP, 406, 12, 33.833333, 
trial0036593, AA, 463, 12, 38.583333, GDX, 201, 4, 50.250000, ZIC, 94, 4, 23.500000, ZIP, 424, 12, 35.333333, 
trial0036594, AA, 233, 12, 19.416667, GDX, 133, 4, 33.250000, ZIC, 301, 4, 75.250000, ZIP, 504, 12, 42.000000, 
trial0036595, AA, 267, 12, 22.250000, GDX, 66, 4, 16.500000, ZIC, 277, 4, 69.250000, ZIP, 469, 12, 39.083333, 
trial0036596, AA, 527, 12, 43.916667, GDX, 296, 4, 74.000000, ZIC, 5, 4, 1.250000, ZIP, 336, 12, 28.000000, 
trial0036597, AA, 368, 12, 30.666667, GDX, 102, 4, 25.500000, ZIC, 129, 4, 32.250000, ZIP, 622, 12, 51.833333, 
trial0036598, AA, 623, 12, 51.916667, GDX, 142, 4, 35.500000, ZIC, 198, 4, 49.500000, ZIP, 245, 12, 20.416667, 
trial0036599, AA, 382, 12, 31.833333, GDX, 96, 4, 24.000000, ZIC, 174, 4, 43.500000, ZIP, 532, 12, 44.333333, 
trial0036600, AA, 449, 12, 37.416667, GDX, 66, 4, 16.500000, ZIC, 14, 4, 3.500000, ZIP, 552, 12, 46.000000, 
