trial0022001, AA, 2393, 26, 92.038462, 3.269231, 0.000102, 0.000080, 0.000022, ZIP, 1051, 14, 75.071429, 3.500000, 0.000031, 0.000005, 0.000026, 
trial0022002, AA, 2444, 26, 94.000000, 3.923077, 0.000033, 0.000010, 0.000023, ZIP, 1279, 14, 91.357143, 3.428571, 0.000033, 0.000006, 0.000027, 
trial0022003, AA, 2889, 26, 111.115385, 4.076923, 0.000033, 0.000010, 0.000024, ZIP, 671, 14, 47.928571, 2.142857, 0.000031, 0.000005, 0.000026, 
trial0022004, AA, 2581, 26, 99.269231, 3.692308, 0.000031, 0.000011, 0.000020, ZIP, 782, 14, 55.857143, 2.857143, 0.000032, 0.000005, 0.000026, 
trial0022005, AA, 2716, 26, 104.461538, 3.230769, 0.000183, 0.000153, 0.000030, ZIP, 609, 14, 43.500000, 3.000000, 0.000033, 0.000005, 0.000027, 
trial0022006, AA, 2445, 26, 94.038462, 3.769231, 0.000108, 0.000010, 0.000098, ZIP, 851, 14, 60.785714, 2.571429, 0.000311, 0.000103, 0.000208, 
trial0022007, AA, 2569, 26, 98.807692, 3.461538, 0.000037, 0.000010, 0.000027, ZIP, 1311, 14, 93.642857, 3.571429, 0.000032, 0.000005, 0.000027, 
trial0022008, AA, 2361, 26, 90.807692, 3.307692, 0.000030, 0.000009, 0.000021, ZIP, 882, 14, 63.000000, 3.285714, 0.000031, 0.000005, 0.000026, 
trial0022009, AA, 2461, 26, 94.653846, 2.884615, 0.000036, 0.000010, 0.000025, ZIP, 971, 14, 69.357143, 3.214286, 0.000032, 0.000005, 0.000027, 
trial0022010, AA, 2366, 26, 91.000000, 3.615385, 0.000104, 0.000011, 0.000093, ZIP, 1008, 14, 72.000000, 3.000000, 0.000035, 0.000006, 0.000029, 
trial0022011, AA, 2555, 26, 98.269231, 3.153846, 0.000116, 0.000011, 0.000105, ZIP, 887, 14, 63.357143, 3.714286, 0.000037, 0.000006, 0.000031, 
trial0022012, AA, 1905, 26, 73.269231, 3.115385, 0.000027, 0.000010, 0.000017, ZIP, 1635, 14, 116.785714, 4.071429, 0.000239, 0.000005, 0.000233, 
trial0022013, AA, 2915, 26, 112.115385, 3.846154, 0.000106, 0.000010, 0.000096, ZIP, 795, 14, 56.785714, 3.142857, 0.000119, 0.000005, 0.000113, 
trial0022014, AA, 2203, 26, 84.730769, 3.769231, 0.000031, 0.000009, 0.000022, ZIP, 1191, 14, 85.071429, 3.142857, 0.000121, 0.000093, 0.000028, 
trial0022015, AA, 2981, 26, 114.653846, 3.923077, 0.000123, 0.000009, 0.000114, ZIP, 745, 14, 53.214286, 2.714286, 0.000035, 0.000006, 0.000029, 
trial0022016, AA, 1621, 26, 62.346154, 3.000000, 0.000135, 0.000011, 0.000124, ZIP, 1966, 14, 140.428571, 4.142857, 0.000036, 0.000006, 0.000030, 
trial0022017, AA, 2824, 26, 108.615385, 3.923077, 0.000027, 0.000010, 0.000017, ZIP, 1015, 14, 72.500000, 3.428571, 0.000035, 0.000006, 0.000030, 
trial0022018, AA, 1951, 26, 75.038462, 3.384615, 0.000104, 0.000011, 0.000093, ZIP, 1655, 14, 118.214286, 4.000000, 0.000034, 0.000006, 0.000028, 
trial0022019, AA, 2222, 26, 85.461538, 3.423077, 0.000126, 0.000098, 0.000028, ZIP, 1283, 14, 91.642857, 2.928571, 0.000033, 0.000006, 0.000028, 
trial0022020, AA, 3088, 26, 118.769231, 3.730769, 0.000027, 0.000010, 0.000016, ZIP, 682, 14, 48.714286, 3.357143, 0.000033, 0.000006, 0.000028, 
trial0022021, AA, 2739, 26, 105.346154, 3.730769, 0.000183, 0.000011, 0.000172, ZIP, 963, 14, 68.785714, 2.642857, 0.000033, 0.000006, 0.000027, 
trial0022022, AA, 1670, 26, 64.230769, 2.538462, 0.000037, 0.000010, 0.000028, ZIP, 1681, 14, 120.071429, 5.000000, 0.000139, 0.000006, 0.000134, 
trial0022023, AA, 1829, 26, 70.346154, 3.038462, 0.000276, 0.000077, 0.000199, ZIP, 1340, 14, 95.714286, 3.642857, 0.000139, 0.000006, 0.000134, 
trial0022024, AA, 2331, 26, 89.653846, 3.115385, 0.000302, 0.000011, 0.000291, ZIP, 1044, 14, 74.571429, 4.071429, 0.000034, 0.000005, 0.000029, 
trial0022025, AA, 1853, 26, 71.269231, 2.692308, 0.000705, 0.000010, 0.000696, ZIP, 1705, 14, 121.785714, 5.285714, 0.000037, 0.000006, 0.000031, 
trial0022026, AA, 1846, 26, 71.000000, 3.115385, 0.000033, 0.000010, 0.000023, ZIP, 1539, 14, 109.928571, 4.500000, 0.000325, 0.000201, 0.000124, 
trial0022027, AA, 2289, 26, 88.038462, 3.423077, 0.000202, 0.000010, 0.000192, ZIP, 1560, 14, 111.428571, 3.357143, 0.000033, 0.000005, 0.000028, 
trial0022028, AA, 2183, 26, 83.961538, 3.269231, 0.000033, 0.000010, 0.000023, ZIP, 1246, 14, 89.000000, 3.357143, 0.000247, 0.000006, 0.000241, 
trial0022029, AA, 2557, 26, 98.346154, 3.538462, 0.000082, 0.000010, 0.000072, ZIP, 736, 14, 52.571429, 3.000000, 0.000033, 0.000006, 0.000028, 
trial0022030, AA, 2684, 26, 103.230769, 3.769231, 0.000086, 0.000010, 0.000076, ZIP, 1060, 14, 75.714286, 3.714286, 0.000035, 0.000006, 0.000029, 
trial0022031, AA, 1847, 26, 71.038462, 3.307692, 0.000101, 0.000010, 0.000091, ZIP, 1699, 14, 121.357143, 4.000000, 0.000036, 0.000006, 0.000031, 
trial0022032, AA, 2145, 26, 82.500000, 3.730769, 0.000232, 0.000010, 0.000222, ZIP, 1017, 14, 72.642857, 2.500000, 0.000031, 0.000005, 0.000026, 
trial0022033, AA, 1458, 26, 56.076923, 2.807692, 0.000237, 0.000010, 0.000227, ZIP, 1813, 14, 129.500000, 3.500000, 0.000033, 0.000006, 0.000027, 
trial0022034, AA, 3021, 26, 116.192308, 4.269231, 0.000135, 0.000010, 0.000125, ZIP, 329, 14, 23.500000, 1.642857, 0.000032, 0.000006, 0.000027, 
trial0022035, AA, 2659, 26, 102.269231, 3.346154, 0.000120, 0.000011, 0.000109, ZIP, 1281, 14, 91.500000, 4.642857, 0.000222, 0.000006, 0.000216, 
trial0022036, AA, 2389, 26, 91.884615, 3.807692, 0.000033, 0.000010, 0.000023, ZIP, 1120, 14, 80.000000, 2.500000, 0.000036, 0.000006, 0.000030, 
trial0022037, AA, 3001, 26, 115.423077, 3.923077, 0.000123, 0.000098, 0.000025, ZIP, 800, 14, 57.142857, 3.000000, 0.000034, 0.000005, 0.000029, 
trial0022038, AA, 2901, 26, 111.576923, 4.153846, 0.000028, 0.000010, 0.000018, ZIP, 741, 14, 52.928571, 3.000000, 0.000156, 0.000006, 0.000150, 
trial0022039, AA, 2491, 26, 95.807692, 3.884615, 0.000246, 0.000010, 0.000236, ZIP, 1354, 14, 96.714286, 3.500000, 0.000034, 0.000006, 0.000028, 
trial0022040, AA, 2386, 26, 91.769231, 4.153846, 0.000101, 0.000011, 0.000091, ZIP, 1091, 14, 77.928571, 2.571429, 0.000034, 0.000006, 0.000029, 
trial0022041, AA, 2335, 26, 89.807692, 2.884615, 0.000029, 0.000010, 0.000019, ZIP, 1410, 14, 100.714286, 5.642857, 0.000034, 0.000005, 0.000028, 
trial0022042, AA, 2610, 26, 100.384615, 3.653846, 0.000034, 0.000010, 0.000023, ZIP, 877, 14, 62.642857, 3.071429, 0.000035, 0.000006, 0.000029, 
trial0022043, AA, 2345, 26, 90.192308, 3.576923, 0.000383, 0.000010, 0.000373, ZIP, 1144, 14, 81.714286, 3.071429, 0.000239, 0.000005, 0.000234, 
trial0022044, AA, 1994, 26, 76.692308, 3.000000, 0.000032, 0.000010, 0.000022, ZIP, 1104, 14, 78.857143, 3.142857, 0.000032, 0.000006, 0.000026, 
trial0022045, AA, 2324, 26, 89.384615, 3.884615, 0.000097, 0.000010, 0.000087, ZIP, 1097, 14, 78.357143, 3.071429, 0.000037, 0.000006, 0.000031, 
trial0022046, AA, 2778, 26, 106.846154, 3.730769, 0.000086, 0.000065, 0.000021, ZIP, 437, 14, 31.214286, 2.071429, 0.000037, 0.000006, 0.000031, 
trial0022047, AA, 2398, 26, 92.230769, 3.769231, 0.000274, 0.000010, 0.000264, ZIP, 1129, 14, 80.642857, 2.571429, 0.000038, 0.000006, 0.000032, 
trial0022048, AA, 2127, 26, 81.807692, 3.384615, 0.000035, 0.000011, 0.000024, ZIP, 1537, 14, 109.785714, 4.428571, 0.000035, 0.000006, 0.000029, 
trial0022049, AA, 2503, 26, 96.269231, 3.538462, 0.000033, 0.000010, 0.000023, ZIP, 714, 14, 51.000000, 2.428571, 0.000121, 0.000006, 0.000115, 
trial0022050, AA, 1954, 26, 75.153846, 3.384615, 0.000117, 0.000010, 0.000107, ZIP, 1636, 14, 116.857143, 4.000000, 0.000205, 0.000005, 0.000200, 
trial0022051, AA, 3305, 26, 127.115385, 4.692308, 0.000165, 0.000075, 0.000090, ZIP, 189, 14, 13.500000, 1.285714, 0.000131, 0.000005, 0.000126, 
trial0022052, AA, 2971, 26, 114.269231, 3.923077, 0.000140, 0.000009, 0.000131, ZIP, 752, 14, 53.714286, 2.714286, 0.000131, 0.000005, 0.000125, 
trial0022053, AA, 1665, 26, 64.038462, 2.884615, 0.000131, 0.000010, 0.000121, ZIP, 1821, 14, 130.071429, 4.642857, 0.000034, 0.000006, 0.000028, 
trial0022054, AA, 2373, 26, 91.269231, 3.538462, 0.000093, 0.000010, 0.000083, ZIP, 958, 14, 68.428571, 3.142857, 0.000240, 0.000096, 0.000143, 
trial0022055, AA, 2100, 26, 80.769231, 3.346154, 0.000032, 0.000010, 0.000022, ZIP, 1086, 14, 77.571429, 3.071429, 0.000032, 0.000006, 0.000026, 
trial0022056, AA, 1944, 26, 74.769231, 3.423077, 0.000029, 0.000009, 0.000020, ZIP, 1398, 14, 99.857143, 3.357143, 0.000031, 0.000005, 0.000026, 
trial0022057, AA, 1891, 26, 72.730769, 2.961538, 0.000031, 0.000010, 0.000021, ZIP, 1568, 14, 112.000000, 4.642857, 0.000034, 0.000006, 0.000028, 
trial0022058, AA, 2219, 26, 85.346154, 3.115385, 0.000092, 0.000010, 0.000082, ZIP, 1407, 14, 100.500000, 4.500000, 0.000035, 0.000006, 0.000029, 
trial0022059, AA, 2611, 26, 100.423077, 3.730769, 0.000030, 0.000011, 0.000020, ZIP, 871, 14, 62.214286, 3.214286, 0.000033, 0.000006, 0.000028, 
trial0022060, AA, 2630, 26, 101.153846, 3.884615, 0.000034, 0.000010, 0.000024, ZIP, 1329, 14, 94.928571, 3.214286, 0.000034, 0.000005, 0.000029, 
trial0022061, AA, 2503, 26, 96.269231, 3.692308, 0.000193, 0.000010, 0.000183, ZIP, 948, 14, 67.714286, 2.571429, 0.000132, 0.000006, 0.000126, 
trial0022062, AA, 1793, 26, 68.961538, 2.923077, 0.000114, 0.000010, 0.000105, ZIP, 1494, 14, 106.714286, 3.857143, 0.000036, 0.000006, 0.000030, 
trial0022063, AA, 1735, 26, 66.730769, 3.000000, 0.000174, 0.000081, 0.000093, ZIP, 1790, 14, 127.857143, 4.142857, 0.000034, 0.000006, 0.000029, 
trial0022064, AA, 2577, 26, 99.115385, 3.615385, 0.000033, 0.000012, 0.000021, ZIP, 832, 14, 59.428571, 2.857143, 0.000034, 0.000006, 0.000028, 
trial0022065, AA, 2666, 26, 102.538462, 3.884615, 0.000032, 0.000010, 0.000022, ZIP, 717, 14, 51.214286, 1.642857, 0.000035, 0.000006, 0.000029, 
trial0022066, AA, 2004, 26, 77.076923, 3.307692, 0.000034, 0.000010, 0.000025, ZIP, 1604, 14, 114.571429, 3.714286, 0.000033, 0.000006, 0.000027, 
trial0022067, AA, 2982, 26, 114.692308, 4.000000, 0.000033, 0.000011, 0.000022, ZIP, 698, 14, 49.857143, 2.428571, 0.000035, 0.000006, 0.000030, 
trial0022068, AA, 2026, 26, 77.923077, 3.846154, 0.000084, 0.000010, 0.000074, ZIP, 1238, 14, 88.428571, 2.285714, 0.000032, 0.000006, 0.000026, 
trial0022069, AA, 2581, 26, 99.269231, 4.115385, 0.000034, 0.000009, 0.000025, ZIP, 1117, 14, 79.785714, 2.785714, 0.000035, 0.000006, 0.000029, 
trial0022070, AA, 2159, 26, 83.038462, 3.346154, 0.000031, 0.000010, 0.000021, ZIP, 1115, 14, 79.642857, 3.500000, 0.000267, 0.000006, 0.000262, 
trial0022071, AA, 3337, 26, 128.346154, 3.846154, 0.000027, 0.000010, 0.000018, ZIP, 507, 14, 36.214286, 3.142857, 0.000035, 0.000006, 0.000029, 
trial0022072, AA, 2247, 26, 86.423077, 3.500000, 0.000027, 0.000010, 0.000018, ZIP, 1225, 14, 87.500000, 3.357143, 0.000243, 0.000006, 0.000238, 
trial0022073, AA, 2070, 26, 79.615385, 3.423077, 0.000095, 0.000010, 0.000085, ZIP, 1404, 14, 100.285714, 3.500000, 0.000037, 0.000006, 0.000031, 
trial0022074, AA, 2344, 26, 90.153846, 3.153846, 0.000385, 0.000011, 0.000375, ZIP, 919, 14, 65.642857, 3.571429, 0.000125, 0.000096, 0.000029, 
trial0022075, AA, 2922, 26, 112.384615, 3.846154, 0.000028, 0.000010, 0.000018, ZIP, 832, 14, 59.428571, 3.000000, 0.000033, 0.000005, 0.000027, 
trial0022076, AA, 2295, 26, 88.269231, 3.807692, 0.000032, 0.000010, 0.000022, ZIP, 1153, 14, 82.357143, 2.785714, 0.000125, 0.000006, 0.000119, 
trial0022077, AA, 1963, 26, 75.500000, 3.115385, 0.000034, 0.000010, 0.000023, ZIP, 1742, 14, 124.428571, 4.642857, 0.000035, 0.000006, 0.000030, 
trial0022078, AA, 1300, 26, 50.000000, 2.230769, 0.000028, 0.000011, 0.000017, ZIP, 2008, 14, 143.428571, 5.285714, 0.000158, 0.000005, 0.000153, 
trial0022079, AA, 2195, 26, 84.423077, 3.269231, 0.000028, 0.000010, 0.000018, ZIP, 1182, 14, 84.428571, 3.642857, 0.000032, 0.000005, 0.000026, 
trial0022080, AA, 2311, 26, 88.884615, 3.538462, 0.000035, 0.000010, 0.000025, ZIP, 988, 14, 70.571429, 3.000000, 0.000035, 0.000006, 0.000029, 
trial0022081, AA, 2451, 26, 94.269231, 3.500000, 0.000037, 0.000011, 0.000026, ZIP, 978, 14, 69.857143, 2.928571, 0.000034, 0.000006, 0.000028, 
trial0022082, AA, 2663, 26, 102.423077, 3.538462, 0.000030, 0.000010, 0.000020, ZIP, 795, 14, 56.785714, 3.142857, 0.000037, 0.000006, 0.000031, 
trial0022083, AA, 1050, 26, 40.384615, 2.192308, 0.000175, 0.000010, 0.000165, ZIP, 2532, 14, 180.857143, 5.214286, 0.000181, 0.000006, 0.000175, 
trial0022084, AA, 2878, 26, 110.692308, 3.692308, 0.000034, 0.000010, 0.000024, ZIP, 932, 14, 66.571429, 3.857143, 0.000036, 0.000006, 0.000030, 
trial0022085, AA, 1642, 26, 63.153846, 3.230769, 0.000097, 0.000011, 0.000086, ZIP, 2157, 14, 154.071429, 4.571429, 0.000151, 0.000120, 0.000031, 
trial0022086, AA, 2024, 26, 77.846154, 2.769231, 0.000031, 0.000010, 0.000022, ZIP, 1680, 14, 120.000000, 5.428571, 0.000032, 0.000005, 0.000026, 
trial0022087, AA, 2515, 26, 96.730769, 4.153846, 0.000102, 0.000010, 0.000093, ZIP, 827, 14, 59.071429, 2.142857, 0.000035, 0.000005, 0.000030, 
trial0022088, AA, 2107, 26, 81.038462, 3.500000, 0.000032, 0.000010, 0.000022, ZIP, 1294, 14, 92.428571, 3.642857, 0.000127, 0.000005, 0.000122, 
trial0022089, AA, 2392, 26, 92.000000, 3.769231, 0.000033, 0.000011, 0.000022, ZIP, 951, 14, 67.928571, 2.571429, 0.000033, 0.000005, 0.000027, 
trial0022090, AA, 2976, 26, 114.461538, 4.192308, 0.000171, 0.000010, 0.000161, ZIP, 867, 14, 61.928571, 3.071429, 0.000119, 0.000005, 0.000113, 
trial0022091, AA, 2294, 26, 88.230769, 3.538462, 0.000033, 0.000010, 0.000024, ZIP, 1410, 14, 100.714286, 3.857143, 0.000131, 0.000005, 0.000126, 
trial0022092, AA, 2236, 26, 86.000000, 3.615385, 0.000273, 0.000010, 0.000263, ZIP, 1594, 14, 113.857143, 3.428571, 0.000031, 0.000005, 0.000026, 
trial0022093, AA, 2874, 26, 110.538462, 3.961538, 0.000029, 0.000010, 0.000019, ZIP, 723, 14, 51.642857, 2.785714, 0.000036, 0.000006, 0.000030, 
trial0022094, AA, 2682, 26, 103.153846, 3.769231, 0.000190, 0.000010, 0.000180, ZIP, 860, 14, 61.428571, 3.142857, 0.000145, 0.000115, 0.000030, 
trial0022095, AA, 1802, 26, 69.307692, 3.230769, 0.000035, 0.000011, 0.000024, ZIP, 1677, 14, 119.785714, 3.857143, 0.000035, 0.000006, 0.000030, 
trial0022096, AA, 2412, 26, 92.769231, 3.807692, 0.000506, 0.000011, 0.000495, ZIP, 1153, 14, 82.357143, 2.785714, 0.000034, 0.000006, 0.000028, 
trial0022097, AA, 2344, 26, 90.153846, 3.653846, 0.000026, 0.000010, 0.000016, ZIP, 1414, 14, 101.000000, 3.214286, 0.000138, 0.000006, 0.000132, 
trial0022098, AA, 2168, 26, 83.384615, 3.423077, 0.000031, 0.000010, 0.000021, ZIP, 1423, 14, 101.642857, 3.785714, 0.000035, 0.000006, 0.000029, 
trial0022099, AA, 1845, 26, 70.961538, 2.692308, 0.000121, 0.000009, 0.000111, ZIP, 1315, 14, 93.928571, 4.285714, 0.000127, 0.000006, 0.000121, 
trial0022100, AA, 2124, 26, 81.692308, 3.423077, 0.000119, 0.000010, 0.000109, ZIP, 1388, 14, 99.142857, 3.785714, 0.000033, 0.000005, 0.000027, 
trial0022101, AA, 2680, 26, 103.076923, 3.692308, 0.000630, 0.000010, 0.000620, ZIP, 1439, 14, 102.785714, 5.000000, 0.000038, 0.000005, 0.000032, 
trial0022102, AA, 3541, 26, 136.192308, 5.384615, 0.000624, 0.000010, 0.000614, ZIP, 1017, 14, 72.642857, 4.142857, 0.000039, 0.000005, 0.000034, 
trial0022103, AA, 3522, 26, 135.461538, 4.961538, 0.000258, 0.000009, 0.000249, ZIP, 1213, 14, 86.642857, 4.357143, 0.000294, 0.000005, 0.000288, 
trial0022104, AA, 2383, 26, 91.653846, 4.000000, 0.000295, 0.000066, 0.000229, ZIP, 1425, 14, 101.785714, 3.714286, 0.000342, 0.000006, 0.000336, 
trial0022105, AA, 2601, 26, 100.038462, 4.230769, 0.000346, 0.000105, 0.000242, ZIP, 1700, 14, 121.428571, 4.714286, 0.000715, 0.000125, 0.000590, 
trial0022106, AA, 3947, 26, 151.807692, 5.692308, 0.000352, 0.000010, 0.000342, ZIP, 996, 14, 71.142857, 3.428571, 0.000361, 0.000006, 0.000356, 
trial0022107, AA, 2974, 26, 114.384615, 4.461538, 0.000145, 0.000104, 0.000040, ZIP, 1038, 14, 74.142857, 4.142857, 0.000038, 0.000005, 0.000033, 
trial0022108, AA, 2765, 26, 106.346154, 3.884615, 0.000574, 0.000010, 0.000564, ZIP, 1490, 14, 106.428571, 5.500000, 0.000312, 0.000006, 0.000306, 
trial0022109, AA, 3024, 26, 116.307692, 4.730769, 0.000399, 0.000010, 0.000389, ZIP, 1604, 14, 114.571429, 4.785714, 0.000145, 0.000006, 0.000139, 
trial0022110, AA, 2717, 26, 104.500000, 4.115385, 0.000604, 0.000193, 0.000411, ZIP, 1265, 14, 90.357143, 4.071429, 0.000038, 0.000006, 0.000033, 
trial0022111, AA, 2887, 26, 111.038462, 4.769231, 0.000346, 0.000010, 0.000336, ZIP, 1465, 14, 104.642857, 4.000000, 0.000156, 0.000006, 0.000151, 
trial0022112, AA, 2775, 26, 106.730769, 4.653846, 0.000177, 0.000010, 0.000167, ZIP, 1237, 14, 88.357143, 3.214286, 0.000174, 0.000006, 0.000168, 
trial0022113, AA, 3085, 26, 118.653846, 3.961538, 0.000116, 0.000009, 0.000106, ZIP, 1534, 14, 109.571429, 4.357143, 0.000037, 0.000006, 0.000032, 
trial0022114, AA, 3625, 26, 139.423077, 4.961538, 0.000393, 0.000011, 0.000383, ZIP, 1079, 14, 77.071429, 4.500000, 0.000042, 0.000005, 0.000036, 
trial0022115, AA, 2421, 26, 93.115385, 3.884615, 0.000170, 0.000010, 0.000160, ZIP, 1091, 14, 77.928571, 3.071429, 0.000038, 0.000005, 0.000033, 
trial0022116, AA, 2725, 26, 104.807692, 4.500000, 0.000419, 0.000010, 0.000409, ZIP, 1713, 14, 122.357143, 4.785714, 0.000036, 0.000005, 0.000031, 
trial0022117, AA, 2488, 26, 95.692308, 4.000000, 0.000747, 0.000099, 0.000648, ZIP, 1855, 14, 132.500000, 4.857143, 0.000166, 0.000006, 0.000160, 
trial0022118, AA, 2773, 26, 106.653846, 4.576923, 0.000319, 0.000010, 0.000309, ZIP, 1963, 14, 140.214286, 4.928571, 0.000036, 0.000005, 0.000031, 
trial0022119, AA, 3367, 26, 129.500000, 5.153846, 0.000291, 0.000010, 0.000280, ZIP, 1297, 14, 92.642857, 4.285714, 0.000171, 0.000005, 0.000166, 
trial0022120, AA, 2379, 26, 91.500000, 3.461538, 0.000465, 0.000098, 0.000367, ZIP, 1738, 14, 124.142857, 4.857143, 0.000040, 0.000005, 0.000035, 
trial0022121, AA, 2716, 26, 104.461538, 4.269231, 0.000411, 0.000181, 0.000230, ZIP, 2073, 14, 148.071429, 5.214286, 0.000039, 0.000005, 0.000034, 
trial0022122, AA, 3194, 26, 122.846154, 5.230769, 0.000442, 0.000104, 0.000337, ZIP, 1081, 14, 77.214286, 4.000000, 0.000179, 0.000005, 0.000174, 
trial0022123, AA, 2781, 26, 106.961538, 4.846154, 0.000494, 0.000098, 0.000395, ZIP, 1646, 14, 117.571429, 4.142857, 0.000037, 0.000006, 0.000032, 
trial0022124, AA, 2418, 26, 93.000000, 4.461538, 0.000471, 0.000010, 0.000462, ZIP, 2057, 14, 146.928571, 4.714286, 0.000160, 0.000005, 0.000155, 
trial0022125, AA, 3768, 26, 144.923077, 4.961538, 0.000367, 0.000093, 0.000274, ZIP, 904, 14, 64.571429, 3.642857, 0.000301, 0.000005, 0.000295, 
trial0022126, AA, 3169, 26, 121.884615, 4.384615, 0.000230, 0.000009, 0.000221, ZIP, 1456, 14, 104.000000, 5.142857, 0.000035, 0.000006, 0.000030, 
trial0022127, AA, 2504, 26, 96.307692, 4.653846, 0.000378, 0.000104, 0.000275, ZIP, 1616, 14, 115.428571, 4.357143, 0.000040, 0.000006, 0.000034, 
trial0022128, AA, 2794, 26, 107.461538, 4.461538, 0.000050, 0.000010, 0.000040, ZIP, 1433, 14, 102.357143, 4.428571, 0.000037, 0.000006, 0.000031, 
trial0022129, AA, 3127, 26, 120.269231, 4.653846, 0.000566, 0.000010, 0.000556, ZIP, 1584, 14, 113.142857, 4.642857, 0.000038, 0.000006, 0.000033, 
trial0022130, AA, 3001, 26, 115.423077, 4.730769, 0.000233, 0.000010, 0.000223, ZIP, 1420, 14, 101.428571, 4.357143, 0.000265, 0.000005, 0.000259, 
trial0022131, AA, 3122, 26, 120.076923, 4.692308, 0.000309, 0.000010, 0.000299, ZIP, 1717, 14, 122.642857, 4.571429, 0.000488, 0.000005, 0.000483, 
trial0022132, AA, 3693, 26, 142.038462, 5.038462, 0.000228, 0.000099, 0.000129, ZIP, 1201, 14, 85.785714, 4.214286, 0.000141, 0.000107, 0.000035, 
trial0022133, AA, 3055, 26, 117.500000, 4.307692, 0.000554, 0.000236, 0.000319, ZIP, 1401, 14, 100.071429, 4.642857, 0.000160, 0.000125, 0.000035, 
trial0022134, AA, 2400, 26, 92.307692, 4.115385, 0.000342, 0.000104, 0.000237, ZIP, 1874, 14, 133.857143, 4.071429, 0.000165, 0.000005, 0.000160, 
trial0022135, AA, 3585, 26, 137.884615, 5.423077, 0.000550, 0.000011, 0.000539, ZIP, 1174, 14, 83.857143, 3.642857, 0.000156, 0.000005, 0.000151, 
trial0022136, AA, 3276, 26, 126.000000, 4.538462, 0.000254, 0.000010, 0.000244, ZIP, 951, 14, 67.928571, 4.000000, 0.000039, 0.000006, 0.000033, 
trial0022137, AA, 2755, 26, 105.961538, 4.884615, 0.000396, 0.000010, 0.000386, ZIP, 1212, 14, 86.571429, 3.500000, 0.000277, 0.000239, 0.000037, 
trial0022138, AA, 2943, 26, 113.192308, 4.730769, 0.000754, 0.000010, 0.000744, ZIP, 1627, 14, 116.214286, 4.500000, 0.000413, 0.000006, 0.000407, 
trial0022139, AA, 3263, 26, 125.500000, 4.538462, 0.000304, 0.000010, 0.000294, ZIP, 1480, 14, 105.714286, 5.142857, 0.000343, 0.000005, 0.000338, 
trial0022140, AA, 3355, 26, 129.038462, 4.307692, 0.000333, 0.000010, 0.000323, ZIP, 831, 14, 59.357143, 3.000000, 0.000038, 0.000006, 0.000032, 
trial0022141, AA, 3089, 26, 118.807692, 4.692308, 0.000751, 0.000131, 0.000620, ZIP, 1481, 14, 105.785714, 4.285714, 0.000186, 0.000006, 0.000180, 
trial0022142, AA, 2237, 26, 86.038462, 3.923077, 0.000763, 0.000011, 0.000752, ZIP, 2016, 14, 144.000000, 4.714286, 0.000465, 0.000006, 0.000459, 
trial0022143, AA, 2931, 26, 112.730769, 4.576923, 0.000550, 0.000011, 0.000539, ZIP, 1635, 14, 116.785714, 4.071429, 0.000180, 0.000006, 0.000175, 
trial0022144, AA, 2609, 26, 100.346154, 4.423077, 0.000265, 0.000011, 0.000254, ZIP, 1674, 14, 119.571429, 4.500000, 0.000259, 0.000006, 0.000253, 
trial0022145, AA, 2487, 26, 95.653846, 4.923077, 0.000384, 0.000128, 0.000255, ZIP, 1862, 14, 133.000000, 4.571429, 0.000040, 0.000005, 0.000035, 
trial0022146, AA, 2699, 26, 103.807692, 4.000000, 0.000217, 0.000010, 0.000207, ZIP, 2019, 14, 144.214286, 5.285714, 0.000295, 0.000005, 0.000289, 
trial0022147, AA, 2669, 26, 102.653846, 4.615385, 0.000428, 0.000010, 0.000418, ZIP, 1980, 14, 141.428571, 4.285714, 0.000271, 0.000239, 0.000032, 
trial0022148, AA, 2690, 26, 103.461538, 4.423077, 0.000490, 0.000010, 0.000480, ZIP, 1512, 14, 108.000000, 4.500000, 0.000186, 0.000006, 0.000180, 
trial0022149, AA, 3728, 26, 143.384615, 5.423077, 0.000483, 0.000010, 0.000473, ZIP, 2153, 14, 153.785714, 6.642857, 0.000134, 0.000006, 0.000128, 
trial0022150, AA, 6551, 26, 251.961538, 10.653846, 0.000071, 0.000011, 0.000060, ZIP, 3312, 14, 236.571429, 10.714286, 0.000036, 0.000006, 0.000030, 
trial0022151, AA, 6133, 26, 235.884615, 9.576923, 0.000073, 0.000011, 0.000063, ZIP, 4166, 14, 297.571429, 12.785714, 0.000036, 0.000006, 0.000030, 
trial0022152, AA, 5634, 26, 216.692308, 10.884615, 0.000080, 0.000011, 0.000069, ZIP, 4222, 14, 301.571429, 11.500000, 0.000038, 0.000006, 0.000032, 
trial0022153, AA, 8377, 26, 322.192308, 11.230769, 0.000084, 0.000011, 0.000073, ZIP, 2008, 14, 143.428571, 10.857143, 0.000038, 0.000006, 0.000032, 
trial0022154, AA, 5838, 26, 224.538462, 9.269231, 0.000078, 0.000011, 0.000067, ZIP, 4365, 14, 311.785714, 12.214286, 0.000035, 0.000006, 0.000029, 
trial0022155, AA, 5542, 26, 213.153846, 9.576923, 0.000086, 0.000011, 0.000076, ZIP, 4971, 14, 355.071429, 14.214286, 0.000037, 0.000006, 0.000031, 
trial0022156, AA, 5918, 26, 227.615385, 9.269231, 0.000088, 0.000011, 0.000077, ZIP, 4163, 14, 297.357143, 13.357143, 0.000038, 0.000006, 0.000031, 
trial0022157, AA, 5775, 26, 222.115385, 10.038462, 0.000073, 0.000011, 0.000062, ZIP, 4300, 14, 307.142857, 12.785714, 0.000037, 0.000006, 0.000031, 
trial0022158, AA, 6815, 26, 262.115385, 10.115385, 0.000079, 0.000011, 0.000068, ZIP, 2728, 14, 194.857143, 9.357143, 0.000034, 0.000006, 0.000027, 
trial0022159, AA, 4259, 26, 163.807692, 8.884615, 0.000072, 0.000011, 0.000062, ZIP, 5702, 14, 407.285714, 13.785714, 0.000036, 0.000006, 0.000030, 
trial0022160, AA, 5191, 26, 199.653846, 9.807692, 0.000074, 0.000010, 0.000064, ZIP, 4385, 14, 313.214286, 10.928571, 0.000036, 0.000006, 0.000031, 
trial0022161, AA, 7058, 26, 271.461538, 9.961538, 0.000069, 0.000010, 0.000059, ZIP, 2831, 14, 202.214286, 11.071429, 0.000035, 0.000006, 0.000030, 
trial0022162, AA, 4635, 26, 178.269231, 8.961538, 0.000073, 0.000010, 0.000063, ZIP, 4854, 14, 346.714286, 12.214286, 0.000034, 0.000006, 0.000028, 
trial0022163, AA, 6312, 26, 242.769231, 10.384615, 0.000082, 0.000010, 0.000072, ZIP, 3235, 14, 231.071429, 10.714286, 0.000042, 0.000006, 0.000036, 
trial0022164, AA, 4040, 26, 155.384615, 7.923077, 0.000058, 0.000010, 0.000048, ZIP, 2896, 14, 206.857143, 6.857143, 0.000090, 0.000006, 0.000084, 
trial0022165, AA, 3446, 26, 132.538462, 4.961538, 0.000476, 0.000010, 0.000466, ZIP, 1553, 14, 110.928571, 4.357143, 0.000672, 0.000006, 0.000666, 
trial0022166, AA, 3196, 26, 122.923077, 4.769231, 0.000278, 0.000152, 0.000126, ZIP, 1111, 14, 79.357143, 3.857143, 0.000039, 0.000005, 0.000033, 
trial0022167, AA, 2738, 26, 105.307692, 3.538462, 0.000493, 0.000010, 0.000483, ZIP, 1532, 14, 109.428571, 4.857143, 0.000165, 0.000006, 0.000159, 
trial0022168, AA, 3399, 26, 130.730769, 4.884615, 0.000403, 0.000010, 0.000392, ZIP, 1305, 14, 93.214286, 3.500000, 0.000723, 0.000283, 0.000440, 
trial0022169, AA, 3062, 26, 117.769231, 4.653846, 0.000366, 0.000010, 0.000356, ZIP, 1253, 14, 89.500000, 4.071429, 0.000037, 0.000006, 0.000031, 
trial0022170, AA, 3735, 26, 143.653846, 5.615385, 0.000252, 0.000010, 0.000241, ZIP, 968, 14, 69.142857, 3.714286, 0.000394, 0.000006, 0.000388, 
trial0022171, AA, 3260, 26, 125.384615, 5.076923, 0.000514, 0.000010, 0.000503, ZIP, 1177, 14, 84.071429, 3.571429, 0.000039, 0.000005, 0.000033, 
trial0022172, AA, 3062, 26, 117.769231, 4.653846, 0.000410, 0.000010, 0.000401, ZIP, 1538, 14, 109.857143, 4.642857, 0.000179, 0.000006, 0.000173, 
trial0022173, AA, 3721, 26, 143.115385, 5.538462, 0.000274, 0.000167, 0.000108, ZIP, 1235, 14, 88.214286, 3.857143, 0.000145, 0.000005, 0.000140, 
trial0022174, AA, 3198, 26, 123.000000, 4.807692, 0.000598, 0.000112, 0.000487, ZIP, 1608, 14, 114.857143, 4.642857, 0.000038, 0.000005, 0.000033, 
trial0022175, AA, 2441, 26, 93.884615, 3.846154, 0.000572, 0.000010, 0.000562, ZIP, 2033, 14, 145.214286, 5.571429, 0.000041, 0.000006, 0.000035, 
trial0022176, AA, 2666, 26, 102.538462, 4.346154, 0.000785, 0.000090, 0.000695, ZIP, 1659, 14, 118.500000, 4.928571, 0.000037, 0.000006, 0.000031, 
trial0022177, AA, 2557, 26, 98.346154, 3.961538, 0.000340, 0.000009, 0.000330, ZIP, 1579, 14, 112.785714, 4.500000, 0.000239, 0.000005, 0.000234, 
trial0022178, AA, 3856, 26, 148.307692, 5.423077, 0.000262, 0.000128, 0.000134, ZIP, 676, 14, 48.285714, 2.928571, 0.000384, 0.000005, 0.000379, 
trial0022179, AA, 3571, 26, 137.346154, 4.653846, 0.000455, 0.000352, 0.000103, ZIP, 1354, 14, 96.714286, 4.928571, 0.000276, 0.000006, 0.000271, 
trial0022180, AA, 3170, 26, 121.923077, 5.000000, 0.000134, 0.000010, 0.000124, ZIP, 1400, 14, 100.000000, 3.928571, 0.000319, 0.000006, 0.000313, 
trial0022181, AA, 2986, 26, 114.846154, 4.846154, 0.000207, 0.000010, 0.000197, ZIP, 1476, 14, 105.428571, 4.428571, 0.000175, 0.000137, 0.000038, 
trial0022182, AA, 2315, 26, 89.038462, 3.807692, 0.000384, 0.000011, 0.000374, ZIP, 1719, 14, 122.785714, 4.357143, 0.000139, 0.000005, 0.000134, 
trial0022183, AA, 2432, 26, 93.538462, 4.307692, 0.000748, 0.000010, 0.000737, ZIP, 1801, 14, 128.642857, 4.142857, 0.000161, 0.000006, 0.000156, 
trial0022184, AA, 3243, 26, 124.730769, 4.692308, 0.000288, 0.000010, 0.000279, ZIP, 851, 14, 60.785714, 2.857143, 0.000151, 0.000006, 0.000146, 
trial0022185, AA, 3160, 26, 121.538462, 4.692308, 0.000552, 0.000011, 0.000542, ZIP, 1710, 14, 122.142857, 5.000000, 0.000043, 0.000006, 0.000038, 
trial0022186, AA, 2420, 26, 93.076923, 3.500000, 0.000639, 0.000010, 0.000630, ZIP, 1611, 14, 115.071429, 4.642857, 0.000338, 0.000006, 0.000332, 
trial0022187, AA, 2793, 26, 107.423077, 4.461538, 0.000322, 0.000152, 0.000170, ZIP, 1337, 14, 95.500000, 4.000000, 0.000039, 0.000005, 0.000034, 
trial0022188, AA, 2534, 26, 97.461538, 4.269231, 0.000406, 0.000010, 0.000396, ZIP, 1690, 14, 120.714286, 4.785714, 0.000159, 0.000005, 0.000153, 
trial0022189, AA, 2996, 26, 115.230769, 4.461538, 0.000412, 0.000011, 0.000401, ZIP, 1172, 14, 83.714286, 4.285714, 0.000036, 0.000005, 0.000031, 
trial0022190, AA, 2994, 26, 115.153846, 4.384615, 0.000159, 0.000009, 0.000149, ZIP, 1453, 14, 103.785714, 4.571429, 0.000038, 0.000005, 0.000033, 
trial0022191, AA, 2934, 26, 112.846154, 4.692308, 0.000340, 0.000111, 0.000229, ZIP, 1418, 14, 101.285714, 3.857143, 0.000261, 0.000006, 0.000255, 
trial0022192, AA, 3196, 26, 122.923077, 4.884615, 0.000240, 0.000010, 0.000230, ZIP, 975, 14, 69.642857, 3.357143, 0.000437, 0.000005, 0.000431, 
trial0022193, AA, 3261, 26, 125.423077, 4.846154, 0.000850, 0.000009, 0.000841, ZIP, 1347, 14, 96.214286, 4.285714, 0.000142, 0.000005, 0.000137, 
trial0022194, AA, 2673, 26, 102.807692, 4.153846, 0.000366, 0.000221, 0.000144, ZIP, 1475, 14, 105.357143, 4.428571, 0.000153, 0.000005, 0.000147, 
trial0022195, AA, 2824, 26, 108.615385, 4.538462, 0.000366, 0.000010, 0.000355, ZIP, 1328, 14, 94.857143, 3.857143, 0.000108, 0.000006, 0.000103, 
trial0022196, AA, 3070, 26, 118.076923, 4.846154, 0.000047, 0.000010, 0.000037, ZIP, 1220, 14, 87.142857, 3.000000, 0.000153, 0.000006, 0.000147, 
trial0022197, AA, 2676, 26, 102.923077, 4.307692, 0.000255, 0.000010, 0.000245, ZIP, 1490, 14, 106.428571, 3.857143, 0.000174, 0.000005, 0.000168, 
trial0022198, AA, 2992, 26, 115.076923, 4.269231, 0.000159, 0.000010, 0.000150, ZIP, 1270, 14, 90.714286, 4.928571, 0.000469, 0.000006, 0.000463, 
trial0022199, AA, 2123, 26, 81.653846, 3.461538, 0.000146, 0.000010, 0.000136, ZIP, 2061, 14, 147.214286, 5.285714, 0.000038, 0.000005, 0.000033, 
trial0022200, AA, 2725, 26, 104.807692, 4.576923, 0.000136, 0.000010, 0.000126, ZIP, 1214, 14, 86.714286, 2.928571, 0.000251, 0.000005, 0.000246, 
trial0022201, AA, 5190, 26, 199.615385, 4.307692, 0.000444, 0.000010, 0.000434, ZIP, 3393, 14, 242.357143, 5.571429, 0.000183, 0.000006, 0.000177, 
trial0022202, AA, 5241, 26, 201.576923, 4.115385, 0.000340, 0.000011, 0.000329, ZIP, 2976, 14, 212.571429, 5.071429, 0.000332, 0.000006, 0.000326, 
trial0022203, AA, 4871, 26, 187.346154, 4.192308, 0.000229, 0.000010, 0.000219, ZIP, 3206, 14, 229.000000, 5.071429, 0.000339, 0.000006, 0.000333, 
trial0022204, AA, 7276, 26, 279.846154, 6.076923, 0.000132, 0.000010, 0.000122, ZIP, 2046, 14, 146.142857, 2.714286, 0.000276, 0.000125, 0.000150, 
trial0022205, AA, 4918, 26, 189.153846, 4.115385, 0.000407, 0.000010, 0.000398, ZIP, 3326, 14, 237.571429, 4.785714, 0.000186, 0.000006, 0.000180, 
trial0022206, AA, 4528, 26, 174.153846, 3.538462, 0.001512, 0.000010, 0.001502, ZIP, 3549, 14, 253.500000, 5.428571, 0.000312, 0.000006, 0.000306, 
trial0022207, AA, 6482, 26, 249.307692, 5.076923, 0.000212, 0.000010, 0.000202, ZIP, 2462, 14, 175.857143, 4.142857, 0.000267, 0.000005, 0.000262, 
trial0022208, AA, 6361, 26, 244.653846, 4.884615, 0.000437, 0.000011, 0.000426, ZIP, 3044, 14, 217.428571, 4.928571, 0.000041, 0.000006, 0.000036, 
trial0022209, AA, 5565, 26, 214.038462, 4.384615, 0.000282, 0.000166, 0.000117, ZIP, 3123, 14, 223.071429, 4.857143, 0.000259, 0.000120, 0.000139, 
trial0022210, AA, 6208, 26, 238.769231, 5.115385, 0.000540, 0.000098, 0.000441, ZIP, 2690, 14, 192.142857, 4.214286, 0.000041, 0.000005, 0.000036, 
trial0022211, AA, 5759, 26, 221.500000, 4.692308, 0.000518, 0.000010, 0.000508, ZIP, 3000, 14, 214.285714, 4.857143, 0.000038, 0.000005, 0.000033, 
trial0022212, AA, 7045, 26, 270.961538, 5.230769, 0.000048, 0.000010, 0.000038, ZIP, 1419, 14, 101.357143, 3.142857, 0.000037, 0.000006, 0.000031, 
trial0022213, AA, 6895, 26, 265.192308, 4.692308, 0.000276, 0.000010, 0.000266, ZIP, 1857, 14, 132.642857, 4.428571, 0.000185, 0.000006, 0.000180, 
trial0022214, AA, 5804, 26, 223.230769, 4.538462, 0.000235, 0.000010, 0.000225, ZIP, 2489, 14, 177.785714, 4.285714, 0.000163, 0.000005, 0.000157, 
trial0022215, AA, 5293, 26, 203.576923, 3.923077, 0.000053, 0.000010, 0.000042, ZIP, 3298, 14, 235.571429, 5.714286, 0.000165, 0.000006, 0.000160, 
trial0022216, AA, 6322, 26, 243.153846, 5.115385, 0.000174, 0.000010, 0.000164, ZIP, 2126, 14, 151.857143, 3.500000, 0.000038, 0.000006, 0.000033, 
trial0022217, AA, 6338, 26, 243.769231, 4.923077, 0.000501, 0.000010, 0.000490, ZIP, 3141, 14, 224.357143, 4.714286, 0.000278, 0.000006, 0.000273, 
trial0022218, AA, 6053, 26, 232.807692, 5.000000, 0.000492, 0.000010, 0.000482, ZIP, 2517, 14, 179.785714, 3.642857, 0.000037, 0.000006, 0.000032, 
trial0022219, AA, 6601, 26, 253.884615, 5.076923, 0.000281, 0.000010, 0.000270, ZIP, 2263, 14, 161.642857, 4.285714, 0.000042, 0.000005, 0.000036, 
trial0022220, AA, 4497, 26, 172.961538, 4.230769, 0.000399, 0.000080, 0.000319, ZIP, 2220, 14, 158.571429, 3.428571, 0.000414, 0.000006, 0.000409, 
trial0022221, AA, 5720, 26, 220.000000, 4.500000, 0.000260, 0.000010, 0.000250, ZIP, 1636, 14, 116.857143, 2.928571, 0.000162, 0.000006, 0.000156, 
trial0022222, AA, 4598, 26, 176.846154, 3.692308, 0.000585, 0.000187, 0.000398, ZIP, 3725, 14, 266.071429, 5.428571, 0.000036, 0.000005, 0.000030, 
trial0022223, AA, 5241, 26, 201.576923, 4.692308, 0.000143, 0.000010, 0.000133, ZIP, 2830, 14, 202.142857, 4.000000, 0.000591, 0.000006, 0.000586, 
trial0022224, AA, 5037, 26, 193.730769, 4.307692, 0.000471, 0.000010, 0.000461, ZIP, 3714, 14, 265.285714, 5.285714, 0.000037, 0.000006, 0.000031, 
trial0022225, AA, 5128, 26, 197.230769, 4.538462, 0.000245, 0.000010, 0.000235, ZIP, 3227, 14, 230.500000, 5.000000, 0.000300, 0.000006, 0.000294, 
trial0022226, AA, 5151, 26, 198.115385, 4.730769, 0.000514, 0.000151, 0.000363, ZIP, 2987, 14, 213.357143, 3.928571, 0.000036, 0.000006, 0.000030, 
trial0022227, AA, 4903, 26, 188.576923, 3.923077, 0.000578, 0.000010, 0.000569, ZIP, 3337, 14, 238.357143, 5.357143, 0.000038, 0.000005, 0.000032, 
trial0022228, AA, 4946, 26, 190.230769, 4.461538, 0.000161, 0.000009, 0.000152, ZIP, 4034, 14, 288.142857, 5.428571, 0.000275, 0.000005, 0.000270, 
trial0022229, AA, 6273, 26, 241.269231, 5.076923, 0.000287, 0.000077, 0.000210, ZIP, 2756, 14, 196.857143, 3.857143, 0.000155, 0.000006, 0.000149, 
trial0022230, AA, 6269, 26, 241.115385, 5.038462, 0.000488, 0.000010, 0.000478, ZIP, 2660, 14, 190.000000, 4.500000, 0.000037, 0.000006, 0.000031, 
trial0022231, AA, 5881, 26, 226.192308, 5.076923, 0.000268, 0.000010, 0.000258, ZIP, 2202, 14, 157.285714, 3.785714, 0.000149, 0.000005, 0.000143, 
trial0022232, AA, 6512, 26, 250.461538, 5.846154, 0.000734, 0.000010, 0.000724, ZIP, 2677, 14, 191.214286, 3.285714, 0.000365, 0.000006, 0.000359, 
trial0022233, AA, 5753, 26, 221.269231, 5.000000, 0.000284, 0.000010, 0.000275, ZIP, 2981, 14, 212.928571, 4.571429, 0.000146, 0.000005, 0.000141, 
trial0022234, AA, 3761, 26, 144.653846, 3.269231, 0.000123, 0.000010, 0.000113, ZIP, 3258, 14, 232.714286, 4.785714, 0.000169, 0.000005, 0.000164, 
trial0022235, AA, 5354, 26, 205.923077, 4.653846, 0.000263, 0.000011, 0.000252, ZIP, 3134, 14, 223.857143, 4.500000, 0.000266, 0.000006, 0.000260, 
trial0022236, AA, 7018, 26, 269.923077, 4.615385, 0.000835, 0.000129, 0.000706, ZIP, 2105, 14, 150.357143, 5.142857, 0.000289, 0.000006, 0.000284, 
trial0022237, AA, 6049, 26, 232.653846, 4.653846, 0.000041, 0.000010, 0.000031, ZIP, 2094, 14, 149.571429, 3.928571, 0.000324, 0.000006, 0.000318, 
trial0022238, AA, 5963, 26, 229.346154, 5.307692, 0.000248, 0.000010, 0.000238, ZIP, 2697, 14, 192.642857, 3.857143, 0.000041, 0.000006, 0.000035, 
trial0022239, AA, 5353, 26, 205.884615, 4.576923, 0.000143, 0.000011, 0.000133, ZIP, 3281, 14, 234.357143, 4.357143, 0.000285, 0.000006, 0.000280, 
trial0022240, AA, 5216, 26, 200.615385, 4.307692, 0.000308, 0.000081, 0.000227, ZIP, 3941, 14, 281.500000, 6.142857, 0.000178, 0.000005, 0.000173, 
trial0022241, AA, 5216, 26, 200.615385, 4.923077, 0.000117, 0.000010, 0.000107, ZIP, 3412, 14, 243.714286, 4.142857, 0.000039, 0.000006, 0.000034, 
trial0022242, AA, 5767, 26, 221.807692, 4.730769, 0.000424, 0.000009, 0.000415, ZIP, 2165, 14, 154.642857, 3.642857, 0.000149, 0.000006, 0.000143, 
trial0022243, AA, 5953, 26, 228.961538, 5.153846, 0.000217, 0.000081, 0.000136, ZIP, 2571, 14, 183.642857, 3.857143, 0.000039, 0.000006, 0.000033, 
trial0022244, AA, 4886, 26, 187.923077, 3.692308, 0.000785, 0.000292, 0.000492, ZIP, 2347, 14, 167.642857, 4.214286, 0.000036, 0.000005, 0.000031, 
trial0022245, AA, 6663, 26, 256.269231, 5.615385, 0.000585, 0.000010, 0.000575, ZIP, 2460, 14, 175.714286, 4.142857, 0.000167, 0.000132, 0.000035, 
trial0022246, AA, 5722, 26, 220.076923, 4.615385, 0.000622, 0.000112, 0.000510, ZIP, 3364, 14, 240.285714, 5.000000, 0.000152, 0.000005, 0.000146, 
trial0022247, AA, 4958, 26, 190.692308, 4.423077, 0.000179, 0.000010, 0.000169, ZIP, 3035, 14, 216.785714, 4.357143, 0.000135, 0.000006, 0.000130, 
trial0022248, AA, 5512, 26, 212.000000, 4.423077, 0.000219, 0.000011, 0.000209, ZIP, 2866, 14, 204.714286, 4.357143, 0.000142, 0.000006, 0.000136, 
trial0022249, AA, 6347, 26, 244.115385, 5.038462, 0.000826, 0.000010, 0.000816, ZIP, 2652, 14, 189.428571, 3.928571, 0.000469, 0.000006, 0.000463, 
trial0022250, AA, 6174, 26, 237.461538, 4.730769, 0.000276, 0.000010, 0.000266, ZIP, 2986, 14, 213.285714, 4.785714, 0.000269, 0.000006, 0.000263, 
trial0022251, AA, 5449, 26, 209.576923, 4.884615, 0.000199, 0.000077, 0.000122, ZIP, 2213, 14, 158.071429, 3.785714, 0.000035, 0.000006, 0.000029, 
trial0022252, AA, 6383, 26, 245.500000, 4.846154, 0.000230, 0.000010, 0.000219, ZIP, 2564, 14, 183.142857, 4.714286, 0.000195, 0.000006, 0.000189, 
trial0022253, AA, 7106, 26, 273.307692, 5.769231, 0.000052, 0.000010, 0.000042, ZIP, 2239, 14, 159.928571, 3.571429, 0.000297, 0.000120, 0.000177, 
trial0022254, AA, 5687, 26, 218.730769, 4.961538, 0.000271, 0.000010, 0.000261, ZIP, 2122, 14, 151.571429, 3.357143, 0.000037, 0.000006, 0.000032, 
trial0022255, AA, 3793, 26, 145.884615, 4.153846, 0.000317, 0.000074, 0.000243, ZIP, 3688, 14, 263.428571, 4.000000, 0.000037, 0.000005, 0.000032, 
trial0022256, AA, 5055, 26, 194.423077, 4.730769, 0.000182, 0.000010, 0.000172, ZIP, 3190, 14, 227.857143, 4.357143, 0.000168, 0.000005, 0.000162, 
trial0022257, AA, 6961, 26, 267.730769, 5.653846, 0.000245, 0.000010, 0.000235, ZIP, 2000, 14, 142.857143, 3.357143, 0.000037, 0.000005, 0.000031, 
trial0022258, AA, 6180, 26, 237.692308, 4.846154, 0.000228, 0.000010, 0.000218, ZIP, 2795, 14, 199.642857, 5.142857, 0.000150, 0.000005, 0.000144, 
trial0022259, AA, 5147, 26, 197.961538, 4.076923, 0.000875, 0.000010, 0.000865, ZIP, 2778, 14, 198.428571, 4.428571, 0.000169, 0.000006, 0.000163, 
trial0022260, AA, 5599, 26, 215.346154, 4.500000, 0.000522, 0.000010, 0.000512, ZIP, 3062, 14, 218.714286, 5.071429, 0.000037, 0.000005, 0.000032, 
trial0022261, AA, 6112, 26, 235.076923, 5.346154, 0.000451, 0.000111, 0.000341, ZIP, 2408, 14, 172.000000, 3.214286, 0.000215, 0.000005, 0.000210, 
trial0022262, AA, 6536, 26, 251.384615, 5.153846, 0.000148, 0.000105, 0.000043, ZIP, 2033, 14, 145.214286, 3.714286, 0.000179, 0.000006, 0.000174, 
trial0022263, AA, 4528, 26, 174.153846, 4.038462, 0.000899, 0.000112, 0.000786, ZIP, 2821, 14, 201.500000, 4.071429, 0.000222, 0.000193, 0.000029, 
trial0022264, AA, 5632, 26, 216.615385, 4.538462, 0.000439, 0.000161, 0.000279, ZIP, 2327, 14, 166.214286, 4.428571, 0.000038, 0.000005, 0.000032, 
trial0022265, AA, 4281, 26, 164.653846, 3.730769, 0.000395, 0.000089, 0.000306, ZIP, 3082, 14, 220.142857, 4.071429, 0.000231, 0.000006, 0.000225, 
trial0022266, AA, 5738, 26, 220.692308, 5.000000, 0.000293, 0.000011, 0.000281, ZIP, 2934, 14, 209.571429, 4.428571, 0.000184, 0.000006, 0.000178, 
trial0022267, AA, 5727, 26, 220.269231, 4.269231, 0.000496, 0.000085, 0.000411, ZIP, 2513, 14, 179.500000, 4.357143, 0.000036, 0.000005, 0.000031, 
trial0022268, AA, 6704, 26, 257.846154, 4.923077, 0.000130, 0.000010, 0.000120, ZIP, 1188, 14, 84.857143, 2.857143, 0.000373, 0.000110, 0.000263, 
trial0022269, AA, 5757, 26, 221.423077, 4.653846, 0.000229, 0.000010, 0.000219, ZIP, 2984, 14, 213.142857, 5.357143, 0.000535, 0.000006, 0.000529, 
trial0022270, AA, 5468, 26, 210.307692, 4.807692, 0.000137, 0.000010, 0.000127, ZIP, 2777, 14, 198.357143, 4.071429, 0.000154, 0.000006, 0.000149, 
trial0022271, AA, 5140, 26, 197.692308, 4.153846, 0.000266, 0.000010, 0.000256, ZIP, 2316, 14, 165.428571, 4.000000, 0.000037, 0.000005, 0.000032, 
trial0022272, AA, 6729, 26, 258.807692, 5.692308, 0.000047, 0.000010, 0.000036, ZIP, 2729, 14, 194.928571, 4.428571, 0.000268, 0.000006, 0.000262, 
trial0022273, AA, 4942, 26, 190.076923, 4.576923, 0.000413, 0.000010, 0.000403, ZIP, 3087, 14, 220.500000, 4.071429, 0.000038, 0.000005, 0.000033, 
trial0022274, AA, 4651, 26, 178.884615, 4.230769, 0.000042, 0.000010, 0.000031, ZIP, 3371, 14, 240.785714, 4.857143, 0.000345, 0.000125, 0.000220, 
trial0022275, AA, 6129, 26, 235.730769, 4.730769, 0.000121, 0.000010, 0.000112, ZIP, 2397, 14, 171.214286, 3.928571, 0.000405, 0.000006, 0.000399, 
trial0022276, AA, 5251, 26, 201.961538, 4.153846, 0.000483, 0.000010, 0.000473, ZIP, 2272, 14, 162.285714, 3.714286, 0.000193, 0.000006, 0.000188, 
trial0022277, AA, 5057, 26, 194.500000, 4.423077, 0.000442, 0.000010, 0.000432, ZIP, 3435, 14, 245.357143, 5.071429, 0.000217, 0.000006, 0.000211, 
trial0022278, AA, 6029, 26, 231.884615, 4.692308, 0.001139, 0.000010, 0.001129, ZIP, 2495, 14, 178.214286, 4.428571, 0.000174, 0.000005, 0.000169, 
trial0022279, AA, 6171, 26, 237.346154, 4.961538, 0.000331, 0.000285, 0.000046, ZIP, 2226, 14, 159.000000, 3.928571, 0.000036, 0.000005, 0.000030, 
trial0022280, AA, 7087, 26, 272.576923, 5.500000, 0.000128, 0.000010, 0.000118, ZIP, 2311, 14, 165.071429, 4.214286, 0.000194, 0.000160, 0.000034, 
trial0022281, AA, 5801, 26, 223.115385, 4.115385, 0.000381, 0.000173, 0.000208, ZIP, 1955, 14, 139.642857, 4.785714, 0.000036, 0.000005, 0.000031, 
trial0022282, AA, 5138, 26, 197.615385, 3.769231, 0.000275, 0.000010, 0.000265, ZIP, 3061, 14, 218.642857, 5.000000, 0.000184, 0.000152, 0.000032, 
trial0022283, AA, 6346, 26, 244.076923, 4.730769, 0.000313, 0.000010, 0.000303, ZIP, 1997, 14, 142.642857, 4.357143, 0.000174, 0.000005, 0.000169, 
trial0022284, AA, 6150, 26, 236.538462, 5.192308, 0.000339, 0.000010, 0.000329, ZIP, 3425, 14, 244.642857, 4.928571, 0.000392, 0.000193, 0.000199, 
trial0022285, AA, 6268, 26, 241.076923, 4.961538, 0.000115, 0.000009, 0.000105, ZIP, 1932, 14, 138.000000, 3.785714, 0.000297, 0.000126, 0.000171, 
trial0022286, AA, 5551, 26, 213.500000, 4.692308, 0.000265, 0.000011, 0.000255, ZIP, 2653, 14, 189.500000, 3.857143, 0.000037, 0.000006, 0.000031, 
trial0022287, AA, 5032, 26, 193.538462, 4.269231, 0.000920, 0.000241, 0.000678, ZIP, 2819, 14, 201.357143, 4.357143, 0.000193, 0.000006, 0.000187, 
trial0022288, AA, 5743, 26, 220.884615, 5.192308, 0.000532, 0.000010, 0.000522, ZIP, 2854, 14, 203.857143, 3.928571, 0.000291, 0.000121, 0.000170, 
trial0022289, AA, 6492, 26, 249.692308, 4.846154, 0.000618, 0.000077, 0.000541, ZIP, 1762, 14, 125.857143, 3.571429, 0.000259, 0.000006, 0.000254, 
trial0022290, AA, 6089, 26, 234.192308, 5.115385, 0.000247, 0.000071, 0.000176, ZIP, 2844, 14, 203.142857, 4.357143, 0.000039, 0.000005, 0.000033, 
trial0022291, AA, 4041, 26, 155.423077, 4.192308, 0.000139, 0.000010, 0.000130, ZIP, 4491, 14, 320.785714, 5.785714, 0.000036, 0.000005, 0.000031, 
trial0022292, AA, 4539, 26, 174.576923, 4.538462, 0.000462, 0.000104, 0.000358, ZIP, 3471, 14, 247.928571, 4.214286, 0.000037, 0.000005, 0.000031, 
trial0022293, AA, 5756, 26, 221.384615, 4.269231, 0.000242, 0.000077, 0.000165, ZIP, 2470, 14, 176.428571, 4.214286, 0.000154, 0.000005, 0.000149, 
trial0022294, AA, 6018, 26, 231.461538, 4.846154, 0.000255, 0.000010, 0.000245, ZIP, 2784, 14, 198.857143, 4.428571, 0.000038, 0.000006, 0.000032, 
trial0022295, AA, 6064, 26, 233.230769, 4.346154, 0.000628, 0.000010, 0.000617, ZIP, 2151, 14, 153.642857, 4.785714, 0.000037, 0.000005, 0.000031, 
trial0022296, AA, 6248, 26, 240.307692, 4.653846, 0.000369, 0.000010, 0.000359, ZIP, 1789, 14, 127.785714, 4.357143, 0.000039, 0.000005, 0.000033, 
trial0022297, AA, 4975, 26, 191.346154, 4.230769, 0.000358, 0.000010, 0.000348, ZIP, 3187, 14, 227.642857, 4.857143, 0.000142, 0.000006, 0.000137, 
trial0022298, AA, 5986, 26, 230.230769, 4.384615, 0.000621, 0.000119, 0.000502, ZIP, 2583, 14, 184.500000, 4.714286, 0.000157, 0.000006, 0.000151, 
trial0022299, AA, 5706, 26, 219.461538, 4.615385, 0.000116, 0.000010, 0.000106, ZIP, 2136, 14, 152.571429, 3.857143, 0.000185, 0.000006, 0.000179, 
trial0022300, AA, 5056, 26, 194.461538, 4.192308, 0.000426, 0.000010, 0.000416, ZIP, 2241, 14, 160.071429, 3.928571, 0.000235, 0.000006, 0.000229, 
trial0022301, AA, 6607, 26, 254.115385, 5.769231, 0.000572, 0.000010, 0.000562, ZIP, 1970, 14, 140.714286, 4.857143, 0.000049, 0.000006, 0.000043, 
trial0022302, AA, 6757, 26, 259.884615, 6.115385, 0.000435, 0.000010, 0.000425, ZIP, 1795, 14, 128.214286, 4.214286, 0.000044, 0.000006, 0.000039, 
trial0022303, AA, 6704, 26, 257.846154, 5.461538, 0.000191, 0.000010, 0.000181, ZIP, 2837, 14, 202.642857, 5.000000, 0.000205, 0.000006, 0.000200, 
trial0022304, AA, 5990, 26, 230.384615, 5.615385, 0.000698, 0.000010, 0.000689, ZIP, 2610, 14, 186.428571, 5.142857, 0.000043, 0.000005, 0.000038, 
trial0022305, AA, 5074, 26, 195.153846, 5.384615, 0.000640, 0.000111, 0.000529, ZIP, 3338, 14, 238.428571, 5.857143, 0.000422, 0.000006, 0.000416, 
trial0022306, AA, 5289, 26, 203.423077, 4.730769, 0.000458, 0.000011, 0.000447, ZIP, 2465, 14, 176.071429, 5.000000, 0.000903, 0.000151, 0.000752, 
trial0022307, AA, 3645, 26, 140.192308, 4.038462, 0.000697, 0.000010, 0.000687, ZIP, 4355, 14, 311.071429, 5.785714, 0.000404, 0.000005, 0.000398, 
trial0022308, AA, 4765, 26, 183.269231, 4.923077, 0.000554, 0.000010, 0.000544, ZIP, 2757, 14, 196.928571, 4.571429, 0.000181, 0.000144, 0.000038, 
trial0022309, AA, 4402, 26, 169.307692, 4.692308, 0.000490, 0.000246, 0.000244, ZIP, 2989, 14, 213.500000, 5.000000, 0.000198, 0.000005, 0.000193, 
trial0022310, AA, 5137, 26, 197.576923, 5.500000, 0.000312, 0.000010, 0.000302, ZIP, 2927, 14, 209.071429, 5.214286, 0.000206, 0.000005, 0.000201, 
trial0022311, AA, 3578, 26, 137.615385, 3.538462, 0.000551, 0.000009, 0.000541, ZIP, 4114, 14, 293.857143, 5.857143, 0.000191, 0.000005, 0.000185, 
trial0022312, AA, 4299, 26, 165.346154, 4.653846, 0.000525, 0.000088, 0.000437, ZIP, 3175, 14, 226.785714, 5.071429, 0.000038, 0.000005, 0.000033, 
trial0022313, AA, 5950, 26, 228.846154, 5.576923, 0.000392, 0.000010, 0.000382, ZIP, 2041, 14, 145.785714, 4.500000, 0.000202, 0.000005, 0.000196, 
trial0022314, AA, 5094, 26, 195.923077, 5.038462, 0.000383, 0.000010, 0.000373, ZIP, 1874, 14, 133.857143, 3.785714, 0.000599, 0.000005, 0.000594, 
trial0022315, AA, 3738, 26, 143.769231, 4.307692, 0.000561, 0.000152, 0.000409, ZIP, 3872, 14, 276.571429, 5.142857, 0.000382, 0.000144, 0.000237, 
trial0022316, AA, 5618, 26, 216.076923, 4.923077, 0.000049, 0.000011, 0.000038, ZIP, 1923, 14, 137.357143, 4.571429, 0.000041, 0.000006, 0.000036, 
trial0022317, AA, 4978, 26, 191.461538, 5.192308, 0.000437, 0.000010, 0.000427, ZIP, 2701, 14, 192.928571, 4.785714, 0.000689, 0.000006, 0.000683, 
trial0022318, AA, 5864, 26, 225.538462, 5.346154, 0.001289, 0.000010, 0.001278, ZIP, 1720, 14, 122.857143, 4.500000, 0.000204, 0.000006, 0.000199, 
trial0022319, AA, 5246, 26, 201.769231, 5.538462, 0.000653, 0.000010, 0.000643, ZIP, 3630, 14, 259.285714, 5.714286, 0.000308, 0.000006, 0.000302, 
trial0022320, AA, 4088, 26, 157.230769, 4.730769, 0.000658, 0.000085, 0.000574, ZIP, 2819, 14, 201.357143, 4.642857, 0.000378, 0.000006, 0.000372, 
trial0022321, AA, 5367, 26, 206.423077, 5.153846, 0.000723, 0.000010, 0.000712, ZIP, 2086, 14, 149.000000, 4.142857, 0.000041, 0.000006, 0.000035, 
trial0022322, AA, 5092, 26, 195.846154, 5.461538, 0.000496, 0.000010, 0.000486, ZIP, 3016, 14, 215.428571, 4.714286, 0.000198, 0.000006, 0.000192, 
trial0022323, AA, 5619, 26, 216.115385, 5.615385, 0.000368, 0.000089, 0.000280, ZIP, 2723, 14, 194.500000, 4.857143, 0.000038, 0.000005, 0.000033, 
trial0022324, AA, 5229, 26, 201.115385, 4.961538, 0.000769, 0.000010, 0.000759, ZIP, 2511, 14, 179.357143, 5.071429, 0.000250, 0.000006, 0.000245, 
trial0022325, AA, 5946, 26, 228.692308, 5.576923, 0.000502, 0.000227, 0.000275, ZIP, 2220, 14, 158.571429, 4.642857, 0.000227, 0.000005, 0.000222, 
trial0022326, AA, 4368, 26, 168.000000, 4.230769, 0.000437, 0.000098, 0.000339, ZIP, 2286, 14, 163.285714, 4.285714, 0.000217, 0.000006, 0.000211, 
trial0022327, AA, 4769, 26, 183.423077, 5.307692, 0.000344, 0.000010, 0.000334, ZIP, 3228, 14, 230.571429, 5.285714, 0.000248, 0.000005, 0.000243, 
trial0022328, AA, 6353, 26, 244.346154, 6.115385, 0.000651, 0.000094, 0.000558, ZIP, 2150, 14, 153.571429, 4.071429, 0.000374, 0.000169, 0.000205, 
trial0022329, AA, 6170, 26, 237.307692, 5.692308, 0.000504, 0.000128, 0.000375, ZIP, 1870, 14, 133.571429, 3.857143, 0.000041, 0.000006, 0.000036, 
trial0022330, AA, 4933, 26, 189.730769, 5.346154, 0.000676, 0.000010, 0.000666, ZIP, 2980, 14, 212.857143, 5.214286, 0.000188, 0.000005, 0.000182, 
trial0022331, AA, 4930, 26, 189.615385, 4.846154, 0.000202, 0.000089, 0.000113, ZIP, 2821, 14, 201.500000, 4.571429, 0.000191, 0.000160, 0.000031, 
trial0022332, AA, 5495, 26, 211.346154, 4.461538, 0.000508, 0.000010, 0.000498, ZIP, 2422, 14, 173.000000, 4.571429, 0.000528, 0.000006, 0.000522, 
trial0022333, AA, 4608, 26, 177.230769, 4.846154, 0.000387, 0.000099, 0.000288, ZIP, 2678, 14, 191.285714, 4.142857, 0.000748, 0.000181, 0.000567, 
trial0022334, AA, 4365, 26, 167.884615, 4.576923, 0.000746, 0.000010, 0.000736, ZIP, 3275, 14, 233.928571, 5.357143, 0.000036, 0.000005, 0.000031, 
trial0022335, AA, 4218, 26, 162.230769, 5.000000, 0.000724, 0.000128, 0.000596, ZIP, 3421, 14, 244.357143, 5.142857, 0.000209, 0.000005, 0.000203, 
trial0022336, AA, 4653, 26, 178.961538, 5.115385, 0.000694, 0.000263, 0.000431, ZIP, 3487, 14, 249.071429, 5.357143, 0.000170, 0.000006, 0.000164, 
trial0022337, AA, 5466, 26, 210.230769, 5.230769, 0.000601, 0.000139, 0.000462, ZIP, 1962, 14, 140.142857, 4.000000, 0.000315, 0.000006, 0.000309, 
trial0022338, AA, 4923, 26, 189.346154, 4.461538, 0.000638, 0.000010, 0.000628, ZIP, 2102, 14, 150.142857, 5.142857, 0.000370, 0.000006, 0.000364, 
trial0022339, AA, 4758, 26, 183.000000, 3.961538, 0.000405, 0.000011, 0.000394, ZIP, 2662, 14, 190.142857, 4.785714, 0.000035, 0.000005, 0.000030, 
trial0022340, AA, 4012, 26, 154.307692, 4.653846, 0.000379, 0.000011, 0.000368, ZIP, 3244, 14, 231.714286, 3.928571, 0.000485, 0.000006, 0.000480, 
trial0022341, AA, 5820, 26, 223.846154, 5.615385, 0.000776, 0.000152, 0.000624, ZIP, 2606, 14, 186.142857, 4.428571, 0.000047, 0.000006, 0.000042, 
trial0022342, AA, 4216, 26, 162.153846, 3.653846, 0.000348, 0.000010, 0.000338, ZIP, 2501, 14, 178.642857, 4.928571, 0.000036, 0.000005, 0.000030, 
trial0022343, AA, 5428, 26, 208.769231, 5.307692, 0.000322, 0.000128, 0.000194, ZIP, 2183, 14, 155.928571, 4.428571, 0.000036, 0.000006, 0.000031, 
trial0022344, AA, 5449, 26, 209.576923, 5.692308, 0.000542, 0.000010, 0.000532, ZIP, 2700, 14, 192.857143, 4.571429, 0.000154, 0.000006, 0.000149, 
trial0022345, AA, 4744, 26, 182.461538, 4.538462, 0.000314, 0.000009, 0.000305, ZIP, 2022, 14, 144.428571, 4.285714, 0.000408, 0.000005, 0.000403, 
trial0022346, AA, 5883, 26, 226.269231, 5.653846, 0.000235, 0.000010, 0.000225, ZIP, 1952, 14, 139.428571, 4.214286, 0.000036, 0.000005, 0.000031, 
trial0022347, AA, 5077, 26, 195.269231, 4.807692, 0.000797, 0.000316, 0.000481, ZIP, 2493, 14, 178.071429, 4.785714, 0.000200, 0.000005, 0.000194, 
trial0022348, AA, 5149, 26, 198.038462, 4.923077, 0.000271, 0.000010, 0.000261, ZIP, 2268, 14, 162.000000, 4.714286, 0.000766, 0.000006, 0.000761, 
trial0022349, AA, 5191, 26, 199.653846, 5.076923, 0.000513, 0.000010, 0.000503, ZIP, 2879, 14, 205.642857, 5.142857, 0.000345, 0.000006, 0.000339, 
trial0022350, AA, 5599, 26, 215.346154, 5.192308, 0.000385, 0.000010, 0.000375, ZIP, 2346, 14, 167.571429, 4.642857, 0.000205, 0.000006, 0.000199, 
trial0022351, AA, 6396, 26, 246.000000, 6.230769, 0.000685, 0.000010, 0.000675, ZIP, 3048, 14, 217.714286, 5.714286, 0.000041, 0.000005, 0.000035, 
trial0022352, AA, 6998, 26, 269.153846, 6.192308, 0.000971, 0.000138, 0.000832, ZIP, 1597, 14, 114.071429, 3.928571, 0.000392, 0.000006, 0.000386, 
trial0022353, AA, 5627, 26, 216.423077, 5.846154, 0.000407, 0.000248, 0.000160, ZIP, 2825, 14, 201.785714, 4.714286, 0.000536, 0.000334, 0.000202, 
trial0022354, AA, 5016, 26, 192.923077, 4.884615, 0.000184, 0.000010, 0.000174, ZIP, 2102, 14, 150.142857, 4.071429, 0.000194, 0.000006, 0.000188, 
trial0022355, AA, 6238, 26, 239.923077, 5.769231, 0.000723, 0.000139, 0.000584, ZIP, 3404, 14, 243.142857, 6.500000, 0.000196, 0.000006, 0.000190, 
trial0022356, AA, 4792, 26, 184.307692, 3.884615, 0.000589, 0.000010, 0.000578, ZIP, 3839, 14, 274.214286, 6.071429, 0.000350, 0.000006, 0.000345, 
trial0022357, AA, 4727, 26, 181.807692, 4.769231, 0.001156, 0.000099, 0.001056, ZIP, 3377, 14, 241.214286, 5.571429, 0.000042, 0.000006, 0.000036, 
trial0022358, AA, 3251, 26, 125.038462, 3.230769, 0.000639, 0.000011, 0.000628, ZIP, 3129, 14, 223.500000, 4.285714, 0.000035, 0.000005, 0.000030, 
trial0022359, AA, 5251, 26, 201.961538, 5.153846, 0.000197, 0.000010, 0.000187, ZIP, 2462, 14, 175.857143, 4.571429, 0.000204, 0.000006, 0.000198, 
trial0022360, AA, 4308, 26, 165.692308, 5.576923, 0.000521, 0.000010, 0.000511, ZIP, 3470, 14, 247.857143, 4.642857, 0.000682, 0.000144, 0.000537, 
trial0022361, AA, 3331, 26, 128.115385, 3.230769, 0.000602, 0.000011, 0.000591, ZIP, 4705, 14, 336.071429, 6.571429, 0.000031, 0.000005, 0.000025, 
trial0022362, AA, 5816, 26, 223.692308, 5.576923, 0.000522, 0.000010, 0.000512, ZIP, 2335, 14, 166.785714, 4.785714, 0.000199, 0.000005, 0.000194, 
trial0022363, AA, 5129, 26, 197.269231, 5.076923, 0.000431, 0.000010, 0.000421, ZIP, 2642, 14, 188.714286, 4.857143, 0.000042, 0.000005, 0.000037, 
trial0022364, AA, 5463, 26, 210.115385, 5.423077, 0.000523, 0.000010, 0.000513, ZIP, 3398, 14, 242.714286, 5.357143, 0.000043, 0.000005, 0.000038, 
trial0022365, AA, 4479, 26, 172.269231, 4.461538, 0.000352, 0.000010, 0.000342, ZIP, 2811, 14, 200.785714, 4.571429, 0.000327, 0.000006, 0.000321, 
trial0022366, AA, 5550, 26, 213.461538, 5.538462, 0.000056, 0.000010, 0.000046, ZIP, 2770, 14, 197.857143, 4.714286, 0.000244, 0.000006, 0.000239, 
trial0022367, AA, 6164, 26, 237.076923, 5.307692, 0.000433, 0.000010, 0.000423, ZIP, 2060, 14, 147.142857, 4.428571, 0.000214, 0.000005, 0.000209, 
trial0022368, AA, 5531, 26, 212.730769, 5.461538, 0.000454, 0.000139, 0.000315, ZIP, 2357, 14, 168.357143, 4.428571, 0.000336, 0.000006, 0.000330, 
trial0022369, AA, 5098, 26, 196.076923, 4.692308, 0.000201, 0.000010, 0.000191, ZIP, 2481, 14, 177.214286, 5.000000, 0.000220, 0.000006, 0.000214, 
trial0022370, AA, 4293, 26, 165.115385, 4.615385, 0.000380, 0.000111, 0.000269, ZIP, 3257, 14, 232.642857, 5.357143, 0.000432, 0.000005, 0.000426, 
trial0022371, AA, 5065, 26, 194.807692, 4.923077, 0.000471, 0.000010, 0.000461, ZIP, 2135, 14, 152.500000, 4.857143, 0.000042, 0.000006, 0.000037, 
trial0022372, AA, 5669, 26, 218.038462, 5.615385, 0.000300, 0.000098, 0.000202, ZIP, 2274, 14, 162.428571, 4.714286, 0.000185, 0.000151, 0.000033, 
trial0022373, AA, 4948, 26, 190.307692, 5.269231, 0.000335, 0.000206, 0.000129, ZIP, 3195, 14, 228.214286, 5.071429, 0.000200, 0.000006, 0.000194, 
trial0022374, AA, 6350, 26, 244.230769, 5.961538, 0.000507, 0.000293, 0.000214, ZIP, 1736, 14, 124.000000, 3.500000, 0.000472, 0.000006, 0.000467, 
trial0022375, AA, 6704, 26, 257.846154, 6.115385, 0.000045, 0.000009, 0.000036, ZIP, 1934, 14, 138.142857, 4.642857, 0.000140, 0.000006, 0.000135, 
trial0022376, AA, 5537, 26, 212.961538, 5.423077, 0.000611, 0.000010, 0.000601, ZIP, 3034, 14, 216.714286, 4.785714, 0.000717, 0.000214, 0.000503, 
trial0022377, AA, 5003, 26, 192.423077, 5.269231, 0.000679, 0.000187, 0.000491, ZIP, 2682, 14, 191.571429, 4.642857, 0.000331, 0.000006, 0.000325, 
trial0022378, AA, 4834, 26, 185.923077, 5.038462, 0.000540, 0.000010, 0.000530, ZIP, 2267, 14, 161.928571, 3.928571, 0.000216, 0.000005, 0.000210, 
trial0022379, AA, 5278, 26, 203.000000, 5.000000, 0.000526, 0.000077, 0.000449, ZIP, 2270, 14, 162.142857, 5.428571, 0.000490, 0.000181, 0.000309, 
trial0022380, AA, 4385, 26, 168.653846, 4.500000, 0.000514, 0.000010, 0.000504, ZIP, 2627, 14, 187.642857, 4.642857, 0.000201, 0.000005, 0.000196, 
trial0022381, AA, 5600, 26, 215.384615, 5.307692, 0.000148, 0.000010, 0.000138, ZIP, 3040, 14, 217.142857, 5.142857, 0.000713, 0.000006, 0.000707, 
trial0022382, AA, 4651, 26, 178.884615, 4.384615, 0.000448, 0.000071, 0.000376, ZIP, 3614, 14, 258.142857, 5.571429, 0.000201, 0.000005, 0.000196, 
trial0022383, AA, 5431, 26, 208.884615, 5.269231, 0.000743, 0.000194, 0.000549, ZIP, 1783, 14, 127.357143, 3.357143, 0.000205, 0.000005, 0.000200, 
trial0022384, AA, 5481, 26, 210.807692, 5.115385, 0.000887, 0.000010, 0.000876, ZIP, 2411, 14, 172.214286, 4.785714, 0.000043, 0.000005, 0.000038, 
trial0022385, AA, 4479, 26, 172.269231, 4.615385, 0.000890, 0.000010, 0.000880, ZIP, 2496, 14, 178.285714, 4.285714, 0.000328, 0.000006, 0.000322, 
trial0022386, AA, 6402, 26, 246.230769, 5.961538, 0.000274, 0.000009, 0.000265, ZIP, 1933, 14, 138.071429, 4.642857, 0.000047, 0.000005, 0.000041, 
trial0022387, AA, 5550, 26, 213.461538, 5.615385, 0.000491, 0.000244, 0.000247, ZIP, 2799, 14, 199.928571, 5.000000, 0.000293, 0.000005, 0.000287, 
trial0022388, AA, 3445, 26, 132.500000, 3.346154, 0.001029, 0.000010, 0.001019, ZIP, 2810, 14, 200.714286, 3.785714, 0.000041, 0.000006, 0.000035, 
trial0022389, AA, 5363, 26, 206.269231, 5.115385, 0.000465, 0.000010, 0.000455, ZIP, 2284, 14, 163.142857, 4.500000, 0.000592, 0.000263, 0.000329, 
trial0022390, AA, 4700, 26, 180.769231, 5.115385, 0.000564, 0.000098, 0.000466, ZIP, 3030, 14, 216.428571, 4.785714, 0.000156, 0.000005, 0.000151, 
trial0022391, AA, 5823, 26, 223.961538, 5.192308, 0.000571, 0.000010, 0.000561, ZIP, 2758, 14, 197.000000, 5.071429, 0.000480, 0.000006, 0.000474, 
trial0022392, AA, 5055, 26, 194.423077, 5.538462, 0.001210, 0.000482, 0.000728, ZIP, 2806, 14, 200.428571, 4.571429, 0.000394, 0.000006, 0.000388, 
trial0022393, AA, 5415, 26, 208.269231, 5.038462, 0.000238, 0.000011, 0.000228, ZIP, 1740, 14, 124.285714, 4.071429, 0.000527, 0.000006, 0.000521, 
trial0022394, AA, 5471, 26, 210.423077, 4.884615, 0.000591, 0.000009, 0.000581, ZIP, 2107, 14, 150.500000, 4.642857, 0.000197, 0.000005, 0.000191, 
trial0022395, AA, 4527, 26, 174.115385, 4.461538, 0.000553, 0.000010, 0.000543, ZIP, 3215, 14, 229.642857, 5.142857, 0.000227, 0.000005, 0.000221, 
trial0022396, AA, 5438, 26, 209.153846, 5.576923, 0.000169, 0.000010, 0.000159, ZIP, 2686, 14, 191.857143, 5.214286, 0.000165, 0.000005, 0.000160, 
trial0022397, AA, 5185, 26, 199.423077, 5.076923, 0.000590, 0.000010, 0.000580, ZIP, 2405, 14, 171.785714, 4.285714, 0.000281, 0.000131, 0.000150, 
trial0022398, AA, 4947, 26, 190.269231, 5.423077, 0.000444, 0.000010, 0.000434, ZIP, 3323, 14, 237.357143, 5.071429, 0.000047, 0.000006, 0.000041, 
trial0022399, AA, 5656, 26, 217.538462, 5.230769, 0.000264, 0.000010, 0.000254, ZIP, 2654, 14, 189.571429, 4.714286, 0.000953, 0.000006, 0.000947, 
trial0022400, AA, 4368, 26, 168.000000, 4.384615, 0.000807, 0.000128, 0.000679, ZIP, 3300, 14, 235.714286, 5.714286, 0.000195, 0.000005, 0.000190, 
trial0022401, AA, 4113, 26, 158.192308, 4.500000, 0.000246, 0.000010, 0.000237, ZIP, 1402, 14, 100.142857, 4.071429, 0.000153, 0.000120, 0.000033, 
trial0022402, AA, 3717, 26, 142.961538, 4.807692, 0.000392, 0.000011, 0.000381, ZIP, 1844, 14, 131.714286, 4.214286, 0.000164, 0.000006, 0.000158, 
trial0022403, AA, 3762, 26, 144.692308, 4.384615, 0.000417, 0.000010, 0.000407, ZIP, 2158, 14, 154.142857, 4.571429, 0.000159, 0.000127, 0.000032, 
trial0022404, AA, 3860, 26, 148.461538, 4.500000, 0.000519, 0.000119, 0.000400, ZIP, 1725, 14, 123.214286, 4.142857, 0.000160, 0.000006, 0.000154, 
trial0022405, AA, 3594, 26, 138.230769, 4.153846, 0.000398, 0.000139, 0.000259, ZIP, 1857, 14, 132.642857, 4.571429, 0.000366, 0.000006, 0.000360, 
trial0022406, AA, 4512, 26, 173.538462, 4.692308, 0.000409, 0.000108, 0.000301, ZIP, 1570, 14, 112.142857, 4.000000, 0.000152, 0.000005, 0.000147, 
trial0022407, AA, 2464, 26, 94.769231, 3.961538, 0.000197, 0.000010, 0.000187, ZIP, 2420, 14, 172.857143, 3.500000, 0.000299, 0.000006, 0.000293, 
trial0022408, AA, 3536, 26, 136.000000, 3.884615, 0.000478, 0.000139, 0.000340, ZIP, 2409, 14, 172.071429, 5.785714, 0.000372, 0.000006, 0.000366, 
trial0022409, AA, 3877, 26, 149.115385, 4.115385, 0.000224, 0.000010, 0.000214, ZIP, 1966, 14, 140.428571, 4.928571, 0.000036, 0.000005, 0.000031, 
trial0022410, AA, 4171, 26, 160.423077, 4.384615, 0.000594, 0.000010, 0.000584, ZIP, 1580, 14, 112.857143, 4.428571, 0.000143, 0.000005, 0.000137, 
trial0022411, AA, 3520, 26, 135.384615, 4.076923, 0.000245, 0.000010, 0.000236, ZIP, 1458, 14, 104.142857, 3.285714, 0.000241, 0.000107, 0.000135, 
trial0022412, AA, 3980, 26, 153.076923, 4.615385, 0.000366, 0.000010, 0.000356, ZIP, 1708, 14, 122.000000, 3.857143, 0.000037, 0.000006, 0.000032, 
trial0022413, AA, 3808, 26, 146.461538, 4.346154, 0.000154, 0.000010, 0.000144, ZIP, 1550, 14, 110.714286, 3.785714, 0.000631, 0.000006, 0.000625, 
trial0022414, AA, 5110, 26, 196.538462, 5.192308, 0.000128, 0.000010, 0.000118, ZIP, 835, 14, 59.642857, 3.214286, 0.000150, 0.000006, 0.000144, 
trial0022415, AA, 3566, 26, 137.153846, 4.307692, 0.000306, 0.000010, 0.000295, ZIP, 1702, 14, 121.571429, 4.000000, 0.000240, 0.000006, 0.000234, 
trial0022416, AA, 3159, 26, 121.500000, 3.384615, 0.000557, 0.000247, 0.000310, ZIP, 1248, 14, 89.142857, 3.142857, 0.000036, 0.000005, 0.000030, 
trial0022417, AA, 3890, 26, 149.615385, 4.692308, 0.000234, 0.000098, 0.000136, ZIP, 1712, 14, 122.285714, 4.000000, 0.000176, 0.000005, 0.000171, 
trial0022418, AA, 3949, 26, 151.884615, 4.653846, 0.000133, 0.000010, 0.000123, ZIP, 1704, 14, 121.714286, 4.071429, 0.000038, 0.000005, 0.000032, 
trial0022419, AA, 4259, 26, 163.807692, 4.769231, 0.000653, 0.000187, 0.000466, ZIP, 1320, 14, 94.285714, 3.571429, 0.000451, 0.000006, 0.000446, 
trial0022420, AA, 3794, 26, 145.923077, 3.769231, 0.000648, 0.000104, 0.000544, ZIP, 1585, 14, 113.214286, 4.714286, 0.000037, 0.000005, 0.000032, 
trial0022421, AA, 4136, 26, 159.076923, 4.538462, 0.000173, 0.000011, 0.000162, ZIP, 1401, 14, 100.071429, 3.285714, 0.000036, 0.000005, 0.000031, 
trial0022422, AA, 4371, 26, 168.115385, 4.692308, 0.000145, 0.000010, 0.000135, ZIP, 1025, 14, 73.214286, 3.357143, 0.000160, 0.000005, 0.000154, 
trial0022423, AA, 4215, 26, 162.115385, 5.269231, 0.000300, 0.000010, 0.000290, ZIP, 1471, 14, 105.071429, 3.357143, 0.000040, 0.000006, 0.000034, 
trial0022424, AA, 3843, 26, 147.807692, 4.153846, 0.000160, 0.000010, 0.000150, ZIP, 1768, 14, 126.285714, 4.285714, 0.000312, 0.000006, 0.000307, 
trial0022425, AA, 3293, 26, 126.653846, 3.538462, 0.000130, 0.000093, 0.000037, ZIP, 1751, 14, 125.071429, 4.285714, 0.000144, 0.000005, 0.000139, 
trial0022426, AA, 3752, 26, 144.307692, 4.500000, 0.000043, 0.000009, 0.000034, ZIP, 1511, 14, 107.928571, 3.500000, 0.000269, 0.000006, 0.000263, 
trial0022427, AA, 3682, 26, 141.615385, 4.500000, 0.000790, 0.000010, 0.000780, ZIP, 1933, 14, 138.071429, 4.214286, 0.000143, 0.000006, 0.000138, 
trial0022428, AA, 3967, 26, 152.576923, 4.653846, 0.000303, 0.000099, 0.000205, ZIP, 1660, 14, 118.571429, 3.785714, 0.000150, 0.000006, 0.000144, 
trial0022429, AA, 4137, 26, 159.115385, 4.384615, 0.000313, 0.000011, 0.000302, ZIP, 1092, 14, 78.000000, 3.714286, 0.000040, 0.000006, 0.000035, 
trial0022430, AA, 3368, 26, 129.538462, 4.653846, 0.000153, 0.000010, 0.000143, ZIP, 1435, 14, 102.500000, 2.642857, 0.000037, 0.000006, 0.000032, 
trial0022431, AA, 2890, 26, 111.153846, 4.153846, 0.000343, 0.000111, 0.000232, ZIP, 2464, 14, 176.000000, 4.428571, 0.000034, 0.000006, 0.000029, 
trial0022432, AA, 3544, 26, 136.307692, 4.192308, 0.000267, 0.000010, 0.000257, ZIP, 1777, 14, 126.928571, 4.357143, 0.000147, 0.000006, 0.000142, 
trial0022433, AA, 4264, 26, 164.000000, 4.576923, 0.000483, 0.000011, 0.000472, ZIP, 1087, 14, 77.642857, 3.357143, 0.000038, 0.000006, 0.000032, 
trial0022434, AA, 3973, 26, 152.807692, 4.884615, 0.000485, 0.000011, 0.000474, ZIP, 1321, 14, 94.357143, 3.357143, 0.000322, 0.000006, 0.000316, 
trial0022435, AA, 3511, 26, 135.038462, 4.730769, 0.000405, 0.000138, 0.000266, ZIP, 1678, 14, 119.857143, 3.500000, 0.000428, 0.000006, 0.000422, 
trial0022436, AA, 3605, 26, 138.653846, 4.384615, 0.000366, 0.000009, 0.000357, ZIP, 1753, 14, 125.214286, 4.142857, 0.000157, 0.000005, 0.000152, 
trial0022437, AA, 3573, 26, 137.423077, 4.653846, 0.000181, 0.000010, 0.000171, ZIP, 1896, 14, 135.428571, 3.928571, 0.000167, 0.000005, 0.000162, 
trial0022438, AA, 4105, 26, 157.884615, 4.884615, 0.000518, 0.000270, 0.000249, ZIP, 1372, 14, 98.000000, 3.357143, 0.000038, 0.000005, 0.000032, 
trial0022439, AA, 4158, 26, 159.923077, 4.538462, 0.000307, 0.000011, 0.000296, ZIP, 1166, 14, 83.285714, 3.571429, 0.000158, 0.000005, 0.000153, 
trial0022440, AA, 2850, 26, 109.615385, 3.884615, 0.000515, 0.000011, 0.000504, ZIP, 1859, 14, 132.785714, 3.642857, 0.000036, 0.000005, 0.000030, 
trial0022441, AA, 3462, 26, 133.153846, 4.307692, 0.000201, 0.000010, 0.000191, ZIP, 1838, 14, 131.285714, 3.857143, 0.000164, 0.000006, 0.000158, 
trial0022442, AA, 4165, 26, 160.192308, 4.576923, 0.000133, 0.000010, 0.000123, ZIP, 1340, 14, 95.714286, 3.785714, 0.000316, 0.000006, 0.000310, 
trial0022443, AA, 3823, 26, 147.038462, 4.730769, 0.000406, 0.000211, 0.000195, ZIP, 2072, 14, 148.000000, 4.071429, 0.000036, 0.000005, 0.000031, 
trial0022444, AA, 2789, 26, 107.269231, 3.884615, 0.000110, 0.000081, 0.000029, ZIP, 2327, 14, 166.214286, 3.928571, 0.000037, 0.000005, 0.000031, 
trial0022445, AA, 4397, 26, 169.115385, 5.038462, 0.000540, 0.000363, 0.000177, ZIP, 1167, 14, 83.357143, 3.214286, 0.000038, 0.000006, 0.000032, 
trial0022446, AA, 3008, 26, 115.692308, 3.846154, 0.000290, 0.000010, 0.000280, ZIP, 2061, 14, 147.214286, 3.857143, 0.000177, 0.000145, 0.000032, 
trial0022447, AA, 4274, 26, 164.384615, 4.692308, 0.000846, 0.000088, 0.000758, ZIP, 1415, 14, 101.071429, 3.857143, 0.000038, 0.000005, 0.000033, 
trial0022448, AA, 3876, 26, 149.076923, 4.884615, 0.000366, 0.000010, 0.000356, ZIP, 1656, 14, 118.285714, 3.642857, 0.000536, 0.000006, 0.000530, 
trial0022449, AA, 3134, 26, 120.538462, 4.000000, 0.000620, 0.000213, 0.000407, ZIP, 2265, 14, 161.785714, 4.571429, 0.000335, 0.000005, 0.000330, 
trial0022450, AA, 3686, 26, 141.769231, 4.346154, 0.000138, 0.000009, 0.000129, ZIP, 1361, 14, 97.214286, 3.785714, 0.000151, 0.000005, 0.000145, 
trial0022451, AA, 3693, 26, 142.038462, 4.076923, 0.000658, 0.000129, 0.000530, ZIP, 2096, 14, 149.714286, 5.000000, 0.000157, 0.000006, 0.000151, 
trial0022452, AA, 4455, 26, 171.346154, 4.230769, 0.000269, 0.000106, 0.000163, ZIP, 1396, 14, 99.714286, 4.428571, 0.000039, 0.000006, 0.000034, 
trial0022453, AA, 4093, 26, 157.423077, 5.000000, 0.000111, 0.000009, 0.000102, ZIP, 1248, 14, 89.142857, 3.000000, 0.000035, 0.000005, 0.000030, 
trial0022454, AA, 3293, 26, 126.653846, 4.307692, 0.000267, 0.000085, 0.000182, ZIP, 1767, 14, 126.214286, 3.857143, 0.000035, 0.000005, 0.000030, 
trial0022455, AA, 3968, 26, 152.615385, 4.846154, 0.000124, 0.000011, 0.000113, ZIP, 1480, 14, 105.714286, 4.000000, 0.000039, 0.000005, 0.000034, 
trial0022456, AA, 3781, 26, 145.423077, 4.115385, 0.000148, 0.000010, 0.000138, ZIP, 1894, 14, 135.285714, 4.642857, 0.000333, 0.000005, 0.000328, 
trial0022457, AA, 3559, 26, 136.884615, 4.307692, 0.000361, 0.000105, 0.000256, ZIP, 1798, 14, 128.428571, 4.571429, 0.000148, 0.000005, 0.000143, 
trial0022458, AA, 3258, 26, 125.307692, 3.807692, 0.000290, 0.000010, 0.000280, ZIP, 2434, 14, 173.857143, 5.785714, 0.000035, 0.000005, 0.000030, 
trial0022459, AA, 4254, 26, 163.615385, 4.961538, 0.000153, 0.000009, 0.000143, ZIP, 1524, 14, 108.857143, 3.642857, 0.000166, 0.000133, 0.000033, 
trial0022460, AA, 3078, 26, 118.384615, 4.115385, 0.000260, 0.000009, 0.000250, ZIP, 1813, 14, 129.500000, 3.785714, 0.000157, 0.000005, 0.000151, 
trial0022461, AA, 5349, 26, 205.730769, 5.769231, 0.000309, 0.000111, 0.000199, ZIP, 600, 14, 42.857143, 2.857143, 0.000160, 0.000005, 0.000154, 
trial0022462, AA, 3211, 26, 123.500000, 4.076923, 0.000238, 0.000010, 0.000227, ZIP, 2410, 14, 172.142857, 4.714286, 0.000267, 0.000006, 0.000261, 
trial0022463, AA, 3616, 26, 139.076923, 4.269231, 0.000043, 0.000011, 0.000033, ZIP, 1764, 14, 126.000000, 4.214286, 0.000037, 0.000006, 0.000032, 
trial0022464, AA, 3988, 26, 153.384615, 4.346154, 0.000046, 0.000010, 0.000037, ZIP, 1926, 14, 137.571429, 5.071429, 0.000162, 0.000006, 0.000156, 
trial0022465, AA, 4268, 26, 164.153846, 4.923077, 0.000171, 0.000009, 0.000161, ZIP, 1514, 14, 108.142857, 4.142857, 0.000177, 0.000006, 0.000172, 
trial0022466, AA, 3048, 26, 117.230769, 3.807692, 0.000277, 0.000128, 0.000149, ZIP, 2450, 14, 175.000000, 4.928571, 0.000138, 0.000107, 0.000032, 
trial0022467, AA, 3872, 26, 148.923077, 4.653846, 0.000277, 0.000011, 0.000266, ZIP, 1717, 14, 122.642857, 3.785714, 0.000038, 0.000006, 0.000032, 
trial0022468, AA, 3337, 26, 128.346154, 4.384615, 0.000131, 0.000010, 0.000121, ZIP, 2010, 14, 143.571429, 4.285714, 0.000237, 0.000006, 0.000231, 
trial0022469, AA, 3911, 26, 150.423077, 4.269231, 0.000138, 0.000010, 0.000129, ZIP, 1219, 14, 87.071429, 3.357143, 0.000205, 0.000006, 0.000199, 
trial0022470, AA, 3271, 26, 125.807692, 3.884615, 0.000118, 0.000010, 0.000107, ZIP, 1922, 14, 137.285714, 4.071429, 0.000036, 0.000006, 0.000030, 
trial0022471, AA, 3966, 26, 152.538462, 4.576923, 0.000109, 0.000084, 0.000025, ZIP, 1291, 14, 92.214286, 3.357143, 0.000208, 0.000005, 0.000203, 
trial0022472, AA, 3732, 26, 143.538462, 4.346154, 0.000137, 0.000011, 0.000126, ZIP, 1728, 14, 123.428571, 4.357143, 0.000458, 0.000005, 0.000452, 
trial0022473, AA, 2862, 26, 110.076923, 4.269231, 0.000036, 0.000010, 0.000026, ZIP, 2211, 14, 157.928571, 3.500000, 0.000155, 0.000006, 0.000149, 
trial0022474, AA, 3659, 26, 140.730769, 4.038462, 0.000304, 0.000010, 0.000293, ZIP, 1985, 14, 141.785714, 4.928571, 0.000491, 0.000006, 0.000486, 
trial0022475, AA, 2852, 26, 109.692308, 3.500000, 0.000411, 0.000010, 0.000401, ZIP, 2583, 14, 184.500000, 5.071429, 0.000309, 0.000006, 0.000303, 
trial0022476, AA, 4635, 26, 178.269231, 5.269231, 0.000045, 0.000011, 0.000034, ZIP, 1081, 14, 77.214286, 3.357143, 0.000039, 0.000006, 0.000034, 
trial0022477, AA, 3785, 26, 145.576923, 4.538462, 0.000349, 0.000010, 0.000339, ZIP, 1439, 14, 102.785714, 3.571429, 0.000038, 0.000006, 0.000033, 
trial0022478, AA, 3176, 26, 122.153846, 4.230769, 0.000326, 0.000010, 0.000315, ZIP, 2427, 14, 173.357143, 4.714286, 0.000038, 0.000005, 0.000033, 
trial0022479, AA, 3214, 26, 123.615385, 3.692308, 0.000581, 0.000011, 0.000570, ZIP, 2483, 14, 177.357143, 5.428571, 0.000038, 0.000005, 0.000033, 
trial0022480, AA, 4074, 26, 156.692308, 4.346154, 0.000636, 0.000098, 0.000538, ZIP, 1935, 14, 138.214286, 4.642857, 0.000035, 0.000005, 0.000030, 
trial0022481, AA, 3578, 26, 137.615385, 4.346154, 0.000140, 0.000010, 0.000130, ZIP, 1736, 14, 124.000000, 4.214286, 0.000353, 0.000006, 0.000347, 
trial0022482, AA, 2857, 26, 109.884615, 3.538462, 0.000598, 0.000010, 0.000588, ZIP, 1450, 14, 103.571429, 3.857143, 0.000034, 0.000005, 0.000029, 
trial0022483, AA, 3367, 26, 129.500000, 4.230769, 0.000421, 0.000010, 0.000411, ZIP, 3074, 14, 219.571429, 6.285714, 0.000274, 0.000005, 0.000269, 
trial0022484, AA, 4704, 26, 180.923077, 5.038462, 0.000648, 0.000010, 0.000638, ZIP, 1245, 14, 88.928571, 3.642857, 0.000142, 0.000110, 0.000032, 
trial0022485, AA, 3108, 26, 119.538462, 3.807692, 0.001093, 0.000098, 0.000995, ZIP, 2152, 14, 153.714286, 4.928571, 0.000211, 0.000006, 0.000205, 
trial0022486, AA, 3871, 26, 148.884615, 4.576923, 0.000151, 0.000119, 0.000032, ZIP, 1840, 14, 131.428571, 4.214286, 0.000176, 0.000006, 0.000170, 
trial0022487, AA, 3331, 26, 128.115385, 4.307692, 0.000344, 0.000010, 0.000333, ZIP, 2321, 14, 165.785714, 4.428571, 0.000259, 0.000006, 0.000253, 
trial0022488, AA, 3101, 26, 119.269231, 3.576923, 0.000437, 0.000119, 0.000317, ZIP, 1888, 14, 134.857143, 4.785714, 0.000429, 0.000006, 0.000423, 
trial0022489, AA, 3434, 26, 132.076923, 4.576923, 0.000222, 0.000099, 0.000124, ZIP, 1669, 14, 119.214286, 3.642857, 0.000215, 0.000006, 0.000209, 
trial0022490, AA, 3133, 26, 120.500000, 3.538462, 0.000409, 0.000153, 0.000256, ZIP, 2060, 14, 147.142857, 5.000000, 0.000331, 0.000005, 0.000326, 
trial0022491, AA, 4017, 26, 154.500000, 4.615385, 0.000350, 0.000111, 0.000239, ZIP, 1186, 14, 84.714286, 3.428571, 0.000036, 0.000006, 0.000031, 
trial0022492, AA, 4527, 26, 174.115385, 4.692308, 0.000238, 0.000010, 0.000227, ZIP, 841, 14, 60.071429, 3.285714, 0.000147, 0.000005, 0.000141, 
trial0022493, AA, 3294, 26, 126.692308, 4.500000, 0.000689, 0.000167, 0.000522, ZIP, 2601, 14, 185.785714, 4.500000, 0.000144, 0.000005, 0.000139, 
trial0022494, AA, 3559, 26, 136.884615, 3.961538, 0.000250, 0.000009, 0.000241, ZIP, 1553, 14, 110.928571, 4.214286, 0.000034, 0.000005, 0.000029, 
trial0022495, AA, 4119, 26, 158.423077, 4.769231, 0.000419, 0.000010, 0.000410, ZIP, 1403, 14, 100.214286, 3.571429, 0.000038, 0.000005, 0.000033, 
trial0022496, AA, 3967, 26, 152.576923, 4.384615, 0.000241, 0.000011, 0.000230, ZIP, 1629, 14, 116.357143, 4.142857, 0.000155, 0.000006, 0.000150, 
trial0022497, AA, 3292, 26, 126.615385, 4.000000, 0.000399, 0.000111, 0.000288, ZIP, 2195, 14, 156.785714, 4.428571, 0.000152, 0.000006, 0.000147, 
trial0022498, AA, 2716, 26, 104.461538, 3.807692, 0.000049, 0.000010, 0.000039, ZIP, 2519, 14, 179.928571, 4.357143, 0.000172, 0.000006, 0.000166, 
trial0022499, AA, 3595, 26, 138.269231, 4.000000, 0.000443, 0.000093, 0.000350, ZIP, 1460, 14, 104.285714, 3.714286, 0.000538, 0.000006, 0.000533, 
trial0022500, AA, 3642, 26, 140.076923, 4.000000, 0.000351, 0.000010, 0.000341, ZIP, 1891, 14, 135.071429, 4.428571, 0.000036, 0.000005, 0.000031, 
