trial0013001, ZIC, 1594, 16, 99.625000, 2.000000, 0.000025, 0.000008, 0.000017, ZIP, 3545, 24, 147.708333, 4.750000, 0.000090, 0.000005, 0.000085, 
trial0013002, ZIC, 1439, 16, 89.937500, 2.375000, 0.000024, 0.000008, 0.000016, ZIP, 4080, 24, 170.000000, 4.166667, 0.000030, 0.000005, 0.000026, 
trial0013003, ZIC, 6049, 16, 378.062500, 6.812500, 0.000020, 0.000008, 0.000012, ZIP, 5898, 24, 245.750000, 9.458333, 0.000031, 0.000005, 0.000025, 
trial0013004, ZIC, 4525, 16, 282.812500, 6.125000, 0.000020, 0.000008, 0.000012, ZIP, 7923, 24, 330.125000, 8.833333, 0.000028, 0.000005, 0.000023, 
trial0013005, ZIC, 3817, 16, 238.562500, 4.687500, 0.000021, 0.000008, 0.000012, ZIP, 7967, 24, 331.958333, 9.625000, 0.000029, 0.000005, 0.000023, 
trial0013006, ZIC, 4681, 16, 292.562500, 5.750000, 0.000019, 0.000008, 0.000011, ZIP, 6871, 24, 286.291667, 7.833333, 0.000028, 0.000005, 0.000023, 
trial0013007, ZIC, 4060, 16, 253.750000, 5.312500, 0.000019, 0.000008, 0.000011, ZIP, 7365, 24, 306.875000, 8.041667, 0.000029, 0.000005, 0.000023, 
trial0013008, ZIC, 3530, 16, 220.625000, 5.625000, 0.000019, 0.000008, 0.000011, ZIP, 6423, 24, 267.625000, 7.916667, 0.000029, 0.000005, 0.000024, 
trial0013009, ZIC, 4827, 16, 301.687500, 6.562500, 0.000020, 0.000008, 0.000012, ZIP, 6356, 24, 264.833333, 7.708333, 0.000029, 0.000005, 0.000024, 
trial0013010, ZIC, 4150, 16, 259.375000, 5.125000, 0.000021, 0.000008, 0.000013, ZIP, 6987, 24, 291.125000, 9.333333, 0.000031, 0.000006, 0.000025, 
trial0013011, ZIC, 3667, 16, 229.187500, 5.187500, 0.000018, 0.000008, 0.000011, ZIP, 7581, 24, 315.875000, 7.958333, 0.000028, 0.000005, 0.000023, 
trial0013012, ZIC, 5923, 16, 370.187500, 8.000000, 0.000021, 0.000008, 0.000013, ZIP, 6291, 24, 262.125000, 8.666667, 0.000031, 0.000006, 0.000026, 
trial0013013, ZIC, 4794, 16, 299.625000, 5.375000, 0.000019, 0.000008, 0.000011, ZIP, 6432, 24, 268.000000, 7.750000, 0.000027, 0.000005, 0.000022, 
trial0013014, ZIC, 2506, 16, 156.625000, 4.125000, 0.000019, 0.000008, 0.000011, ZIP, 7887, 24, 328.625000, 8.583333, 0.000032, 0.000005, 0.000027, 
trial0013015, ZIC, 4149, 16, 259.312500, 4.812500, 0.000020, 0.000008, 0.000012, ZIP, 7894, 24, 328.916667, 9.541667, 0.000029, 0.000005, 0.000024, 
trial0013016, ZIC, 4505, 16, 281.562500, 7.250000, 0.000021, 0.000008, 0.000013, ZIP, 6998, 24, 291.583333, 8.666667, 0.000030, 0.000005, 0.000025, 
trial0013017, ZIC, 3173, 16, 198.312500, 4.812500, 0.000020, 0.000008, 0.000012, ZIP, 5679, 24, 236.625000, 6.625000, 0.000028, 0.000005, 0.000023, 
trial0013018, ZIC, 1105, 16, 69.062500, 2.125000, 0.000025, 0.000008, 0.000017, ZIP, 3989, 24, 166.208333, 4.416667, 0.000094, 0.000005, 0.000090, 
trial0013019, ZIC, 1691, 16, 105.687500, 2.562500, 0.000026, 0.000008, 0.000017, ZIP, 3891, 24, 162.125000, 4.208333, 0.000034, 0.000005, 0.000029, 
trial0013020, ZIC, 421, 16, 26.312500, 0.937500, 0.000023, 0.000008, 0.000015, ZIP, 4880, 24, 203.333333, 4.708333, 0.000030, 0.000005, 0.000025, 
trial0013021, ZIC, 1971, 16, 123.187500, 2.750000, 0.000025, 0.000008, 0.000017, ZIP, 3231, 24, 134.625000, 4.333333, 0.000033, 0.000005, 0.000028, 
trial0013022, ZIC, 1658, 16, 103.625000, 1.750000, 0.000022, 0.000008, 0.000014, ZIP, 2938, 24, 122.416667, 3.416667, 0.000088, 0.000005, 0.000082, 
trial0013023, ZIC, 2207, 16, 137.937500, 2.687500, 0.000117, 0.000008, 0.000110, ZIP, 3160, 24, 131.666667, 4.375000, 0.000163, 0.000007, 0.000156, 
trial0013024, ZIC, 1616, 16, 101.000000, 2.312500, 0.000025, 0.000008, 0.000017, ZIP, 3570, 24, 148.750000, 3.875000, 0.000031, 0.000005, 0.000027, 
trial0013025, ZIC, 1330, 16, 83.125000, 1.812500, 0.000022, 0.000008, 0.000015, ZIP, 3680, 24, 153.333333, 3.958333, 0.000030, 0.000005, 0.000026, 
trial0013026, ZIC, 1343, 16, 83.937500, 2.000000, 0.000023, 0.000007, 0.000015, ZIP, 3630, 24, 151.250000, 3.916667, 0.000094, 0.000005, 0.000089, 
trial0013027, ZIC, 1394, 16, 87.125000, 2.062500, 0.000023, 0.000008, 0.000015, ZIP, 3485, 24, 145.208333, 3.708333, 0.000031, 0.000005, 0.000026, 
trial0013028, ZIC, 1511, 16, 94.437500, 2.312500, 0.000024, 0.000008, 0.000016, ZIP, 4013, 24, 167.208333, 4.041667, 0.000032, 0.000005, 0.000027, 
trial0013029, ZIC, 875, 16, 54.687500, 1.187500, 0.000021, 0.000008, 0.000013, ZIP, 3313, 24, 138.041667, 3.375000, 0.000091, 0.000005, 0.000086, 
trial0013030, ZIC, 1244, 16, 77.750000, 1.562500, 0.000021, 0.000008, 0.000014, ZIP, 2688, 24, 112.000000, 2.791667, 0.000025, 0.000005, 0.000020, 
trial0013031, ZIC, 1059, 16, 66.187500, 2.000000, 0.000024, 0.000008, 0.000016, ZIP, 3360, 24, 140.000000, 3.583333, 0.000030, 0.000005, 0.000025, 
trial0013032, ZIC, 2020, 16, 126.250000, 2.437500, 0.000024, 0.000007, 0.000017, ZIP, 3522, 24, 146.750000, 4.875000, 0.000131, 0.000005, 0.000126, 
trial0013033, ZIC, 1664, 16, 104.000000, 2.312500, 0.000022, 0.000007, 0.000014, ZIP, 3615, 24, 150.625000, 3.708333, 0.000086, 0.000005, 0.000081, 
trial0013034, ZIC, 1399, 16, 87.437500, 2.437500, 0.000023, 0.000007, 0.000015, ZIP, 3612, 24, 150.500000, 3.541667, 0.000028, 0.000005, 0.000023, 
trial0013035, ZIC, 1330, 16, 83.125000, 2.000000, 0.000022, 0.000008, 0.000014, ZIP, 3453, 24, 143.875000, 3.583333, 0.000030, 0.000005, 0.000025, 
trial0013036, ZIC, 1573, 16, 98.312500, 2.000000, 0.000024, 0.000008, 0.000017, ZIP, 4197, 24, 174.875000, 5.000000, 0.000113, 0.000005, 0.000108, 
trial0013037, ZIC, 1361, 16, 85.062500, 2.000000, 0.000024, 0.000008, 0.000016, ZIP, 4055, 24, 168.958333, 4.416667, 0.000031, 0.000005, 0.000026, 
trial0013038, ZIC, 1343, 16, 83.937500, 1.687500, 0.000022, 0.000008, 0.000015, ZIP, 2985, 24, 124.375000, 3.125000, 0.000029, 0.000005, 0.000025, 
trial0013039, ZIC, 1455, 16, 90.937500, 2.375000, 0.000022, 0.000007, 0.000014, ZIP, 3863, 24, 160.958333, 4.166667, 0.000035, 0.000005, 0.000030, 
trial0013040, ZIC, 1706, 16, 106.625000, 2.312500, 0.000025, 0.000008, 0.000017, ZIP, 3898, 24, 162.416667, 4.291667, 0.000034, 0.000005, 0.000029, 
trial0013041, ZIC, 1468, 16, 91.750000, 2.250000, 0.000024, 0.000008, 0.000016, ZIP, 3797, 24, 158.208333, 4.000000, 0.000034, 0.000005, 0.000029, 
trial0013042, ZIC, 1792, 16, 112.000000, 2.187500, 0.000024, 0.000008, 0.000016, ZIP, 3124, 24, 130.166667, 3.958333, 0.000032, 0.000005, 0.000027, 
trial0013043, ZIC, 1929, 16, 120.562500, 2.812500, 0.000024, 0.000008, 0.000016, ZIP, 3661, 24, 152.541667, 4.041667, 0.000033, 0.000005, 0.000028, 
trial0013044, ZIC, 915, 16, 57.187500, 1.875000, 0.000021, 0.000008, 0.000013, ZIP, 2638, 24, 109.916667, 3.000000, 0.000026, 0.000005, 0.000021, 
trial0013045, ZIC, 1183, 16, 73.937500, 1.500000, 0.000021, 0.000008, 0.000014, ZIP, 3242, 24, 135.083333, 3.333333, 0.000082, 0.000005, 0.000077, 
trial0013046, ZIC, 1731, 16, 108.187500, 2.250000, 0.000024, 0.000008, 0.000016, ZIP, 3846, 24, 160.250000, 4.166667, 0.000173, 0.000005, 0.000168, 
trial0013047, ZIC, 2591, 16, 161.937500, 3.500000, 0.000120, 0.000007, 0.000113, ZIP, 2942, 24, 122.583333, 4.333333, 0.000038, 0.000005, 0.000032, 
trial0013048, ZIC, 792, 16, 49.500000, 1.625000, 0.000023, 0.000008, 0.000015, ZIP, 4069, 24, 169.541667, 3.833333, 0.000030, 0.000005, 0.000025, 
trial0013049, ZIC, 1151, 16, 71.937500, 1.687500, 0.000023, 0.000008, 0.000015, ZIP, 4143, 24, 172.625000, 4.208333, 0.000032, 0.000005, 0.000027, 
trial0013050, ZIC, 1804, 16, 112.750000, 2.500000, 0.000024, 0.000007, 0.000017, ZIP, 3501, 24, 145.875000, 4.250000, 0.000097, 0.000005, 0.000092, 
trial0013051, ZIC, 1711, 16, 106.937500, 2.375000, 0.000022, 0.000007, 0.000015, ZIP, 3379, 24, 140.791667, 4.583333, 0.000122, 0.000005, 0.000117, 
trial0013052, ZIC, 1729, 16, 108.062500, 2.312500, 0.000021, 0.000007, 0.000014, ZIP, 3156, 24, 131.500000, 3.958333, 0.000082, 0.000005, 0.000078, 
trial0013053, ZIC, 1424, 16, 89.000000, 1.937500, 0.000019, 0.000007, 0.000012, ZIP, 2540, 24, 105.833333, 2.875000, 0.000025, 0.000004, 0.000021, 
trial0013054, ZIC, 1766, 16, 110.375000, 2.687500, 0.000023, 0.000008, 0.000016, ZIP, 3433, 24, 143.041667, 4.208333, 0.000031, 0.000005, 0.000026, 
trial0013055, ZIC, 824, 16, 51.500000, 1.062500, 0.000021, 0.000007, 0.000014, ZIP, 4697, 24, 195.708333, 4.958333, 0.000031, 0.000005, 0.000027, 
trial0013056, ZIC, 2108, 16, 131.750000, 2.875000, 0.000022, 0.000007, 0.000015, ZIP, 3447, 24, 143.625000, 4.083333, 0.000031, 0.000004, 0.000027, 
trial0013057, ZIC, 1823, 16, 113.937500, 2.312500, 0.000024, 0.000008, 0.000017, ZIP, 4042, 24, 168.416667, 4.625000, 0.000032, 0.000005, 0.000027, 
trial0013058, ZIC, 1356, 16, 84.750000, 2.625000, 0.000025, 0.000008, 0.000017, ZIP, 4255, 24, 177.291667, 4.583333, 0.000102, 0.000005, 0.000097, 
trial0013059, ZIC, 1576, 16, 98.500000, 2.437500, 0.000025, 0.000007, 0.000018, ZIP, 3945, 24, 164.375000, 4.625000, 0.000034, 0.000005, 0.000030, 
trial0013060, ZIC, 1775, 16, 110.937500, 2.750000, 0.000026, 0.000008, 0.000018, ZIP, 3588, 24, 149.500000, 4.333333, 0.000095, 0.000005, 0.000090, 
trial0013061, ZIC, 1643, 16, 102.687500, 2.812500, 0.000021, 0.000007, 0.000014, ZIP, 2728, 24, 113.666667, 3.541667, 0.000029, 0.000004, 0.000025, 
trial0013062, ZIC, 2080, 16, 130.000000, 3.000000, 0.000022, 0.000007, 0.000015, ZIP, 3193, 24, 133.041667, 4.000000, 0.000032, 0.000004, 0.000027, 
trial0013063, ZIC, 814, 16, 50.875000, 1.062500, 0.000023, 0.000008, 0.000015, ZIP, 4826, 24, 201.083333, 4.875000, 0.000030, 0.000005, 0.000025, 
trial0013064, ZIC, 1899, 16, 118.687500, 2.875000, 0.000023, 0.000007, 0.000016, ZIP, 3695, 24, 153.958333, 4.000000, 0.000031, 0.000005, 0.000027, 
trial0013065, ZIC, 1784, 16, 111.500000, 2.562500, 0.000023, 0.000007, 0.000015, ZIP, 4091, 24, 170.458333, 3.708333, 0.000032, 0.000005, 0.000027, 
trial0013066, ZIC, 1848, 16, 115.500000, 2.187500, 0.000019, 0.000007, 0.000013, ZIP, 2864, 24, 119.333333, 4.041667, 0.000030, 0.000005, 0.000026, 
trial0013067, ZIC, 1340, 16, 83.750000, 1.937500, 0.000023, 0.000008, 0.000016, ZIP, 4060, 24, 169.166667, 4.375000, 0.000033, 0.000005, 0.000028, 
trial0013068, ZIC, 1426, 16, 89.125000, 1.625000, 0.000021, 0.000007, 0.000014, ZIP, 2940, 24, 122.500000, 4.000000, 0.000092, 0.000005, 0.000088, 
trial0013069, ZIC, 1675, 16, 104.687500, 2.000000, 0.000022, 0.000007, 0.000014, ZIP, 3429, 24, 142.875000, 4.416667, 0.000217, 0.000005, 0.000212, 
trial0013070, ZIC, 2827, 16, 176.687500, 3.875000, 0.000025, 0.000007, 0.000017, ZIP, 2032, 24, 84.666667, 3.416667, 0.000033, 0.000005, 0.000028, 
trial0013071, ZIC, 2264, 16, 141.500000, 2.812500, 0.000021, 0.000007, 0.000014, ZIP, 2859, 24, 119.125000, 3.208333, 0.000028, 0.000005, 0.000023, 
trial0013072, ZIC, 975, 16, 60.937500, 1.562500, 0.000022, 0.000007, 0.000015, ZIP, 3830, 24, 159.583333, 4.041667, 0.000029, 0.000004, 0.000025, 
trial0013073, ZIC, 1680, 16, 105.000000, 2.750000, 0.000021, 0.000007, 0.000014, ZIP, 3370, 24, 140.416667, 4.083333, 0.000032, 0.000005, 0.000027, 
trial0013074, ZIC, 2040, 16, 127.500000, 3.062500, 0.000022, 0.000008, 0.000015, ZIP, 2736, 24, 114.000000, 2.791667, 0.000028, 0.000005, 0.000023, 
trial0013075, ZIC, 590, 16, 36.875000, 1.062500, 0.000123, 0.000107, 0.000015, ZIP, 4959, 24, 206.625000, 5.125000, 0.000093, 0.000005, 0.000089, 
trial0013076, ZIC, 1186, 16, 74.125000, 1.812500, 0.000021, 0.000007, 0.000014, ZIP, 3672, 24, 153.000000, 4.041667, 0.000030, 0.000005, 0.000026, 
trial0013077, ZIC, 1167, 16, 72.937500, 1.750000, 0.000022, 0.000007, 0.000014, ZIP, 4159, 24, 173.291667, 4.500000, 0.000030, 0.000005, 0.000025, 
trial0013078, ZIC, 1797, 16, 112.312500, 2.750000, 0.000024, 0.000007, 0.000016, ZIP, 3669, 24, 152.875000, 4.083333, 0.000032, 0.000005, 0.000028, 
trial0013079, ZIC, 1226, 16, 76.625000, 1.500000, 0.000024, 0.000008, 0.000016, ZIP, 5250, 24, 218.750000, 5.250000, 0.000105, 0.000005, 0.000100, 
trial0013080, ZIC, 2077, 16, 129.812500, 2.250000, 0.000024, 0.000007, 0.000016, ZIP, 4250, 24, 177.083333, 4.750000, 0.000032, 0.000004, 0.000028, 
trial0013081, ZIC, 665, 16, 41.562500, 1.437500, 0.000017, 0.000006, 0.000011, ZIP, 2987, 24, 124.458333, 3.625000, 0.000027, 0.000005, 0.000022, 
trial0013082, ZIC, 1326, 16, 82.875000, 2.187500, 0.000023, 0.000007, 0.000016, ZIP, 4058, 24, 169.083333, 4.625000, 0.000032, 0.000004, 0.000027, 
trial0013083, ZIC, 736, 16, 46.000000, 1.125000, 0.000021, 0.000007, 0.000014, ZIP, 5373, 24, 223.875000, 5.166667, 0.000029, 0.000004, 0.000025, 
trial0013084, ZIC, 781, 16, 48.812500, 1.312500, 0.000021, 0.000007, 0.000014, ZIP, 3811, 24, 158.791667, 4.541667, 0.000091, 0.000005, 0.000087, 
trial0013085, ZIC, 1920, 16, 120.000000, 2.812500, 0.000023, 0.000008, 0.000016, ZIP, 3731, 24, 155.458333, 4.375000, 0.000032, 0.000005, 0.000027, 
trial0013086, ZIC, 1091, 16, 68.187500, 1.250000, 0.000022, 0.000007, 0.000015, ZIP, 4582, 24, 190.916667, 4.833333, 0.000088, 0.000005, 0.000084, 
trial0013087, ZIC, 1361, 16, 85.062500, 2.000000, 0.000023, 0.000007, 0.000016, ZIP, 4218, 24, 175.750000, 4.750000, 0.000031, 0.000005, 0.000027, 
trial0013088, ZIC, 1811, 16, 113.187500, 2.375000, 0.000024, 0.000008, 0.000016, ZIP, 3725, 24, 155.208333, 4.666667, 0.000094, 0.000005, 0.000089, 
trial0013089, ZIC, 954, 16, 59.625000, 1.687500, 0.000022, 0.000008, 0.000014, ZIP, 3506, 24, 146.083333, 3.375000, 0.000028, 0.000005, 0.000023, 
trial0013090, ZIC, 1951, 16, 121.937500, 2.687500, 0.000025, 0.000008, 0.000017, ZIP, 3395, 24, 141.458333, 4.125000, 0.000126, 0.000005, 0.000121, 
trial0013091, ZIC, 2122, 16, 132.625000, 3.062500, 0.000022, 0.000007, 0.000015, ZIP, 3168, 24, 132.000000, 3.958333, 0.000031, 0.000005, 0.000027, 
trial0013092, ZIC, 1428, 16, 89.250000, 2.250000, 0.000020, 0.000007, 0.000014, ZIP, 2692, 24, 112.166667, 3.333333, 0.000027, 0.000005, 0.000023, 
trial0013093, ZIC, 1246, 16, 77.875000, 2.375000, 0.000019, 0.000007, 0.000013, ZIP, 3551, 24, 147.958333, 3.250000, 0.000027, 0.000005, 0.000022, 
trial0013094, ZIC, 2179, 16, 136.187500, 2.812500, 0.000021, 0.000007, 0.000014, ZIP, 2623, 24, 109.291667, 3.625000, 0.000031, 0.000005, 0.000026, 
trial0013095, ZIC, 1760, 16, 110.000000, 2.500000, 0.000022, 0.000007, 0.000015, ZIP, 3624, 24, 151.000000, 4.166667, 0.000032, 0.000004, 0.000028, 
trial0013096, ZIC, 1383, 16, 86.437500, 1.812500, 0.000021, 0.000007, 0.000014, ZIP, 3582, 24, 149.250000, 4.208333, 0.000089, 0.000005, 0.000084, 
trial0013097, ZIC, 1297, 16, 81.062500, 1.937500, 0.000024, 0.000007, 0.000017, ZIP, 4623, 24, 192.625000, 5.541667, 0.000159, 0.000005, 0.000154, 
trial0013098, ZIC, 1629, 16, 101.812500, 2.187500, 0.000023, 0.000008, 0.000016, ZIP, 3586, 24, 149.416667, 4.375000, 0.000032, 0.000005, 0.000027, 
trial0013099, ZIC, 1776, 16, 111.000000, 2.875000, 0.000022, 0.000007, 0.000015, ZIP, 3753, 24, 156.375000, 3.916667, 0.000030, 0.000004, 0.000026, 
trial0013100, ZIC, 1902, 16, 118.875000, 2.437500, 0.000022, 0.000007, 0.000015, ZIP, 3510, 24, 146.250000, 4.041667, 0.000033, 0.000005, 0.000028, 
trial0013101, ZIC, 242, 16, 15.125000, 0.875000, 0.000020, 0.000007, 0.000013, ZIP, 921, 24, 38.375000, 3.916667, 0.000027, 0.000005, 0.000023, 
trial0013102, ZIC, 428, 16, 26.750000, 1.562500, 0.000021, 0.000007, 0.000014, ZIP, 1076, 24, 44.833333, 4.625000, 0.000032, 0.000005, 0.000027, 
trial0013103, ZIC, 161, 16, 10.062500, 0.437500, 0.000020, 0.000007, 0.000013, ZIP, 1431, 24, 59.625000, 4.791667, 0.000088, 0.000005, 0.000083, 
trial0013104, ZIC, 221, 16, 13.812500, 1.125000, 0.000018, 0.000006, 0.000012, ZIP, 926, 24, 38.583333, 3.916667, 0.000029, 0.000005, 0.000024, 
trial0013105, ZIC, 263, 16, 16.437500, 1.000000, 0.000018, 0.000007, 0.000011, ZIP, 1122, 24, 46.750000, 3.500000, 0.000025, 0.000004, 0.000021, 
trial0013106, ZIC, 519, 16, 32.437500, 1.562500, 0.000019, 0.000007, 0.000013, ZIP, 882, 24, 36.750000, 4.625000, 0.000092, 0.000005, 0.000088, 
trial0013107, ZIC, 558, 16, 34.875000, 1.625000, 0.000020, 0.000007, 0.000013, ZIP, 765, 24, 31.875000, 3.333333, 0.000026, 0.000005, 0.000021, 
trial0013108, ZIC, 147, 16, 9.187500, 0.625000, 0.000106, 0.000093, 0.000013, ZIP, 1645, 24, 68.541667, 4.166667, 0.000028, 0.000004, 0.000023, 
trial0013109, ZIC, 209, 16, 13.062500, 0.875000, 0.000020, 0.000007, 0.000012, ZIP, 1130, 24, 47.083333, 4.166667, 0.000027, 0.000005, 0.000022, 
trial0013110, ZIC, 382, 16, 23.875000, 1.125000, 0.000018, 0.000006, 0.000012, ZIP, 1157, 24, 48.208333, 4.000000, 0.000079, 0.000004, 0.000075, 
trial0013111, ZIC, 399, 16, 24.937500, 1.250000, 0.000020, 0.000007, 0.000013, ZIP, 1073, 24, 44.708333, 4.250000, 0.000033, 0.000005, 0.000028, 
trial0013112, ZIC, 205, 16, 12.812500, 0.687500, 0.000020, 0.000008, 0.000013, ZIP, 1156, 24, 48.166667, 3.541667, 0.000027, 0.000005, 0.000023, 
trial0013113, ZIC, 246, 16, 15.375000, 1.125000, 0.000020, 0.000007, 0.000013, ZIP, 1209, 24, 50.375000, 4.000000, 0.000031, 0.000005, 0.000026, 
trial0013114, ZIC, 200, 16, 12.500000, 0.750000, 0.000020, 0.000007, 0.000012, ZIP, 863, 24, 35.958333, 3.666667, 0.000026, 0.000004, 0.000022, 
trial0013115, ZIC, 200, 16, 12.500000, 0.625000, 0.000019, 0.000008, 0.000011, ZIP, 866, 24, 36.083333, 2.833333, 0.000023, 0.000005, 0.000019, 
trial0013116, ZIC, 233, 16, 14.562500, 0.625000, 0.000018, 0.000007, 0.000012, ZIP, 1144, 24, 47.666667, 4.000000, 0.000079, 0.000004, 0.000075, 
trial0013117, ZIC, 199, 16, 12.437500, 0.812500, 0.000017, 0.000007, 0.000010, ZIP, 855, 24, 35.625000, 2.875000, 0.000025, 0.000005, 0.000021, 
trial0013118, ZIC, 330, 16, 20.625000, 1.437500, 0.000019, 0.000007, 0.000013, ZIP, 963, 24, 40.125000, 3.875000, 0.000032, 0.000005, 0.000028, 
trial0013119, ZIC, 147, 16, 9.187500, 0.812500, 0.000020, 0.000007, 0.000013, ZIP, 1255, 24, 52.291667, 4.791667, 0.000091, 0.000005, 0.000086, 
trial0013120, ZIC, 224, 16, 14.000000, 0.875000, 0.000020, 0.000007, 0.000013, ZIP, 968, 24, 40.333333, 4.000000, 0.000028, 0.000005, 0.000024, 
trial0013121, ZIC, 184, 16, 11.500000, 0.687500, 0.000109, 0.000096, 0.000014, ZIP, 1159, 24, 48.291667, 4.458333, 0.000088, 0.000005, 0.000083, 
trial0013122, ZIC, 178, 16, 11.125000, 0.750000, 0.000020, 0.000007, 0.000013, ZIP, 1327, 24, 55.291667, 4.666667, 0.000089, 0.000005, 0.000084, 
trial0013123, ZIC, 363, 16, 22.687500, 1.562500, 0.000018, 0.000006, 0.000012, ZIP, 1020, 24, 42.500000, 4.041667, 0.000031, 0.000005, 0.000026, 
trial0013124, ZIC, 365, 16, 22.812500, 1.062500, 0.000019, 0.000007, 0.000012, ZIP, 1413, 24, 58.875000, 4.041667, 0.000027, 0.000004, 0.000022, 
trial0013125, ZIC, 313, 16, 19.562500, 0.937500, 0.000022, 0.000007, 0.000014, ZIP, 971, 24, 40.458333, 3.958333, 0.000029, 0.000005, 0.000024, 
trial0013126, ZIC, 141, 16, 8.812500, 0.812500, 0.000021, 0.000008, 0.000013, ZIP, 1174, 24, 48.916667, 3.791667, 0.000027, 0.000005, 0.000023, 
trial0013127, ZIC, 366, 16, 22.875000, 1.125000, 0.000022, 0.000008, 0.000015, ZIP, 1105, 24, 46.041667, 4.166667, 0.000030, 0.000005, 0.000025, 
trial0013128, ZIC, 427, 16, 26.687500, 1.375000, 0.000022, 0.000007, 0.000015, ZIP, 1033, 24, 43.041667, 4.416667, 0.000088, 0.000062, 0.000026, 
trial0013129, ZIC, 276, 16, 17.250000, 0.937500, 0.000020, 0.000007, 0.000013, ZIP, 1382, 24, 57.583333, 4.958333, 0.000086, 0.000005, 0.000082, 
trial0013130, ZIC, 520, 16, 32.500000, 1.937500, 0.000019, 0.000007, 0.000012, ZIP, 730, 24, 30.416667, 3.708333, 0.000030, 0.000005, 0.000025, 
trial0013131, ZIC, 381, 16, 23.812500, 1.187500, 0.000022, 0.000008, 0.000014, ZIP, 720, 24, 30.000000, 3.541667, 0.000028, 0.000005, 0.000024, 
trial0013132, ZIC, 328, 16, 20.500000, 1.062500, 0.000022, 0.000008, 0.000014, ZIP, 933, 24, 38.875000, 3.708333, 0.000028, 0.000005, 0.000023, 
trial0013133, ZIC, 201, 16, 12.562500, 0.875000, 0.000021, 0.000008, 0.000013, ZIP, 950, 24, 39.583333, 3.666667, 0.000026, 0.000005, 0.000021, 
trial0013134, ZIC, 432, 16, 27.000000, 1.062500, 0.000022, 0.000008, 0.000014, ZIP, 1241, 24, 51.708333, 4.625000, 0.000091, 0.000005, 0.000087, 
trial0013135, ZIC, 388, 16, 24.250000, 1.062500, 0.000020, 0.000007, 0.000013, ZIP, 1075, 24, 44.791667, 3.958333, 0.000090, 0.000005, 0.000085, 
trial0013136, ZIC, 205, 16, 12.812500, 1.062500, 0.000018, 0.000007, 0.000012, ZIP, 927, 24, 38.625000, 3.375000, 0.000027, 0.000005, 0.000022, 
trial0013137, ZIC, 489, 16, 30.562500, 1.375000, 0.000021, 0.000007, 0.000014, ZIP, 1061, 24, 44.208333, 3.916667, 0.000028, 0.000005, 0.000024, 
trial0013138, ZIC, 332, 16, 20.750000, 1.125000, 0.000019, 0.000007, 0.000012, ZIP, 1100, 24, 45.833333, 4.000000, 0.000025, 0.000004, 0.000021, 
trial0013139, ZIC, 202, 16, 12.625000, 0.687500, 0.000017, 0.000007, 0.000010, ZIP, 980, 24, 40.833333, 3.041667, 0.000021, 0.000004, 0.000017, 
trial0013140, ZIC, 55, 16, 3.437500, 0.437500, 0.000016, 0.000007, 0.000009, ZIP, 956, 24, 39.833333, 2.958333, 0.000022, 0.000004, 0.000017, 
trial0013141, ZIC, 612, 16, 38.250000, 2.000000, 0.000019, 0.000007, 0.000012, ZIP, 702, 24, 29.250000, 3.333333, 0.000087, 0.000005, 0.000082, 
trial0013142, ZIC, 158, 16, 9.875000, 0.812500, 0.000019, 0.000007, 0.000012, ZIP, 1075, 24, 44.791667, 4.208333, 0.000080, 0.000004, 0.000076, 
trial0013143, ZIC, 217, 16, 13.562500, 0.937500, 0.000019, 0.000007, 0.000012, ZIP, 1377, 24, 57.375000, 4.541667, 0.000030, 0.000005, 0.000026, 
trial0013144, ZIC, 440, 16, 27.500000, 1.250000, 0.000020, 0.000007, 0.000012, ZIP, 987, 24, 41.125000, 3.916667, 0.000082, 0.000058, 0.000024, 
trial0013145, ZIC, 478, 16, 29.875000, 1.312500, 0.000020, 0.000007, 0.000013, ZIP, 1145, 24, 47.708333, 4.375000, 0.000029, 0.000005, 0.000024, 
trial0013146, ZIC, 512, 16, 32.000000, 1.437500, 0.000021, 0.000007, 0.000014, ZIP, 1278, 24, 53.250000, 4.458333, 0.000085, 0.000005, 0.000081, 
trial0013147, ZIC, 249, 16, 15.562500, 1.000000, 0.000018, 0.000007, 0.000012, ZIP, 1011, 24, 42.125000, 4.583333, 0.000030, 0.000005, 0.000026, 
trial0013148, ZIC, 264, 16, 16.500000, 1.000000, 0.000019, 0.000007, 0.000012, ZIP, 1028, 24, 42.833333, 4.416667, 0.000081, 0.000004, 0.000076, 
trial0013149, ZIC, 488, 16, 30.500000, 1.500000, 0.000021, 0.000007, 0.000014, ZIP, 988, 24, 41.166667, 4.250000, 0.000028, 0.000004, 0.000024, 
trial0013150, ZIC, 123, 16, 7.687500, 0.812500, 0.000015, 0.000007, 0.000008, ZIP, 513, 24, 21.375000, 1.541667, 0.000018, 0.000004, 0.000013, 
trial0013151, ZIC, 184, 16, 11.500000, 0.687500, 0.000018, 0.000007, 0.000010, ZIP, 1011, 24, 42.125000, 2.791667, 0.000022, 0.000005, 0.000018, 
trial0013152, ZIC, 274, 16, 17.125000, 0.937500, 0.000018, 0.000007, 0.000011, ZIP, 1213, 24, 50.541667, 3.291667, 0.000024, 0.000004, 0.000019, 
trial0013153, ZIC, 349, 16, 21.812500, 1.375000, 0.000103, 0.000007, 0.000096, ZIP, 1121, 24, 46.708333, 5.083333, 0.000032, 0.000005, 0.000028, 
trial0013154, ZIC, 276, 16, 17.250000, 0.937500, 0.000019, 0.000006, 0.000012, ZIP, 1440, 24, 60.000000, 4.791667, 0.000030, 0.000004, 0.000026, 
trial0013155, ZIC, 294, 16, 18.375000, 1.125000, 0.000021, 0.000007, 0.000014, ZIP, 1169, 24, 48.708333, 4.500000, 0.000027, 0.000004, 0.000023, 
trial0013156, ZIC, 279, 16, 17.437500, 0.812500, 0.000020, 0.000007, 0.000012, ZIP, 1192, 24, 49.666667, 3.708333, 0.000026, 0.000004, 0.000022, 
trial0013157, ZIC, 405, 16, 25.312500, 1.312500, 0.000018, 0.000007, 0.000011, ZIP, 1118, 24, 46.583333, 3.958333, 0.000082, 0.000004, 0.000078, 
trial0013158, ZIC, 233, 16, 14.562500, 0.750000, 0.000021, 0.000007, 0.000014, ZIP, 1231, 24, 51.291667, 5.083333, 0.000031, 0.000004, 0.000026, 
trial0013159, ZIC, 212, 16, 13.250000, 0.625000, 0.000020, 0.000007, 0.000014, ZIP, 1396, 24, 58.166667, 5.666667, 0.000088, 0.000005, 0.000083, 
trial0013160, ZIC, 259, 16, 16.187500, 0.937500, 0.000020, 0.000007, 0.000014, ZIP, 1300, 24, 54.166667, 4.875000, 0.000031, 0.000005, 0.000026, 
trial0013161, ZIC, 333, 16, 20.812500, 1.375000, 0.000108, 0.000007, 0.000101, ZIP, 1042, 24, 43.416667, 4.083333, 0.000030, 0.000005, 0.000025, 
trial0013162, ZIC, 157, 16, 9.812500, 0.625000, 0.000018, 0.000007, 0.000011, ZIP, 1009, 24, 42.041667, 3.083333, 0.000080, 0.000005, 0.000075, 
trial0013163, ZIC, 256, 16, 16.000000, 1.000000, 0.000107, 0.000007, 0.000100, ZIP, 1413, 24, 58.875000, 4.833333, 0.000033, 0.000005, 0.000029, 
trial0013164, ZIC, 206, 16, 12.875000, 1.062500, 0.000020, 0.000007, 0.000013, ZIP, 1071, 24, 44.625000, 3.625000, 0.000027, 0.000005, 0.000022, 
trial0013165, ZIC, 236, 16, 14.750000, 1.000000, 0.000019, 0.000007, 0.000012, ZIP, 977, 24, 40.708333, 3.583333, 0.000083, 0.000005, 0.000078, 
trial0013166, ZIC, 213, 16, 13.312500, 0.812500, 0.000019, 0.000007, 0.000012, ZIP, 1059, 24, 44.125000, 4.041667, 0.000081, 0.000005, 0.000076, 
trial0013167, ZIC, 291, 16, 18.187500, 0.937500, 0.000016, 0.000007, 0.000010, ZIP, 942, 24, 39.250000, 2.791667, 0.000022, 0.000004, 0.000017, 
trial0013168, ZIC, 276, 16, 17.250000, 0.812500, 0.000018, 0.000007, 0.000011, ZIP, 1156, 24, 48.166667, 3.541667, 0.000025, 0.000004, 0.000020, 
trial0013169, ZIC, 176, 16, 11.000000, 1.000000, 0.000018, 0.000007, 0.000012, ZIP, 1128, 24, 47.000000, 4.083333, 0.000031, 0.000005, 0.000026, 
trial0013170, ZIC, 470, 16, 29.375000, 1.750000, 0.000022, 0.000008, 0.000014, ZIP, 734, 24, 30.583333, 3.083333, 0.000082, 0.000059, 0.000023, 
trial0013171, ZIC, 601, 16, 37.562500, 2.062500, 0.000021, 0.000007, 0.000014, ZIP, 908, 24, 37.833333, 4.458333, 0.000087, 0.000005, 0.000082, 
trial0013172, ZIC, 361, 16, 22.562500, 1.125000, 0.000019, 0.000007, 0.000012, ZIP, 1147, 24, 47.791667, 4.000000, 0.000028, 0.000004, 0.000024, 
trial0013173, ZIC, 72, 16, 4.500000, 0.312500, 0.000016, 0.000007, 0.000009, ZIP, 956, 24, 39.833333, 2.625000, 0.000022, 0.000005, 0.000018, 
trial0013174, ZIC, 240, 16, 15.000000, 1.250000, 0.000015, 0.000006, 0.000009, ZIP, 816, 24, 34.000000, 2.250000, 0.000023, 0.000005, 0.000019, 
trial0013175, ZIC, 225, 16, 14.062500, 0.937500, 0.000018, 0.000007, 0.000011, ZIP, 1135, 24, 47.291667, 3.458333, 0.000026, 0.000004, 0.000021, 
trial0013176, ZIC, 363, 16, 22.687500, 1.125000, 0.000022, 0.000007, 0.000014, ZIP, 1068, 24, 44.500000, 4.333333, 0.000031, 0.000005, 0.000026, 
trial0013177, ZIC, 214, 16, 13.375000, 1.062500, 0.000020, 0.000007, 0.000013, ZIP, 1088, 24, 45.333333, 4.375000, 0.000029, 0.000005, 0.000024, 
trial0013178, ZIC, 263, 16, 16.437500, 0.562500, 0.000094, 0.000007, 0.000087, ZIP, 1496, 24, 62.333333, 4.625000, 0.000029, 0.000004, 0.000025, 
trial0013179, ZIC, 180, 16, 11.250000, 0.750000, 0.000022, 0.000007, 0.000015, ZIP, 1341, 24, 55.875000, 5.250000, 0.000032, 0.000004, 0.000027, 
trial0013180, ZIC, 310, 16, 19.375000, 1.375000, 0.000021, 0.000007, 0.000014, ZIP, 1161, 24, 48.375000, 4.083333, 0.000029, 0.000005, 0.000024, 
trial0013181, ZIC, 85, 16, 5.312500, 0.562500, 0.000019, 0.000007, 0.000012, ZIP, 1264, 24, 52.666667, 4.291667, 0.000084, 0.000005, 0.000079, 
trial0013182, ZIC, 546, 16, 34.125000, 1.437500, 0.000019, 0.000007, 0.000012, ZIP, 931, 24, 38.791667, 4.125000, 0.000087, 0.000005, 0.000083, 
trial0013183, ZIC, 306, 16, 19.125000, 1.000000, 0.000020, 0.000007, 0.000013, ZIP, 1108, 24, 46.166667, 4.250000, 0.000086, 0.000004, 0.000081, 
trial0013184, ZIC, 177, 16, 11.062500, 0.687500, 0.000021, 0.000008, 0.000013, ZIP, 1005, 24, 41.875000, 4.041667, 0.000027, 0.000005, 0.000023, 
trial0013185, ZIC, 273, 16, 17.062500, 0.875000, 0.000015, 0.000006, 0.000008, ZIP, 726, 24, 30.250000, 1.750000, 0.000018, 0.000004, 0.000014, 
trial0013186, ZIC, 303, 16, 18.937500, 0.937500, 0.000018, 0.000007, 0.000011, ZIP, 1177, 24, 49.041667, 4.125000, 0.000082, 0.000005, 0.000077, 
trial0013187, ZIC, 163, 16, 10.187500, 0.437500, 0.000017, 0.000007, 0.000010, ZIP, 988, 24, 41.166667, 3.458333, 0.000025, 0.000005, 0.000020, 
trial0013188, ZIC, 277, 16, 17.312500, 0.937500, 0.000020, 0.000007, 0.000013, ZIP, 1044, 24, 43.500000, 4.125000, 0.000029, 0.000005, 0.000024, 
trial0013189, ZIC, 709, 16, 44.312500, 1.750000, 0.000018, 0.000007, 0.000011, ZIP, 340, 24, 14.166667, 2.083333, 0.000022, 0.000004, 0.000017, 
trial0013190, ZIC, 376, 16, 23.500000, 1.312500, 0.000020, 0.000007, 0.000013, ZIP, 1163, 24, 48.458333, 4.291667, 0.000031, 0.000005, 0.000026, 
trial0013191, ZIC, 431, 16, 26.937500, 1.312500, 0.000021, 0.000007, 0.000014, ZIP, 1228, 24, 51.166667, 4.625000, 0.000034, 0.000005, 0.000029, 
trial0013192, ZIC, 493, 16, 30.812500, 1.500000, 0.000122, 0.000008, 0.000114, ZIP, 782, 24, 32.583333, 4.250000, 0.000032, 0.000005, 0.000027, 
trial0013193, ZIC, 139, 16, 8.687500, 0.625000, 0.000100, 0.000008, 0.000093, ZIP, 1164, 24, 48.500000, 3.666667, 0.000028, 0.000005, 0.000023, 
trial0013194, ZIC, 329, 16, 20.562500, 0.937500, 0.000022, 0.000007, 0.000014, ZIP, 1219, 24, 50.791667, 4.375000, 0.000145, 0.000005, 0.000140, 
trial0013195, ZIC, 333, 16, 20.812500, 1.000000, 0.000049, 0.000007, 0.000042, ZIP, 1430, 24, 59.583333, 5.250000, 0.000035, 0.000005, 0.000030, 
trial0013196, ZIC, 382, 16, 23.875000, 1.125000, 0.000019, 0.000006, 0.000012, ZIP, 1037, 24, 43.208333, 4.583333, 0.000087, 0.000005, 0.000083, 
trial0013197, ZIC, 517, 16, 32.312500, 1.312500, 0.000021, 0.000007, 0.000014, ZIP, 1101, 24, 45.875000, 4.291667, 0.000029, 0.000005, 0.000024, 
trial0013198, ZIC, 324, 16, 20.250000, 1.312500, 0.000020, 0.000007, 0.000013, ZIP, 1246, 24, 51.916667, 4.291667, 0.000029, 0.000004, 0.000024, 
trial0013199, ZIC, 54, 16, 3.375000, 0.500000, 0.000021, 0.000007, 0.000014, ZIP, 1414, 24, 58.916667, 5.083333, 0.000031, 0.000005, 0.000026, 
trial0013200, ZIC, 388, 16, 24.250000, 1.062500, 0.000021, 0.000007, 0.000014, ZIP, 1452, 24, 60.500000, 5.375000, 0.000032, 0.000005, 0.000028, 
trial0013201, ZIC, 1624, 16, 101.500000, 2.375000, 0.000026, 0.000007, 0.000018, ZIP, 5618, 24, 234.083333, 5.916667, 0.000035, 0.000004, 0.000030, 
trial0013202, ZIC, 1421, 16, 88.812500, 2.500000, 0.000126, 0.000007, 0.000119, ZIP, 5201, 24, 216.708333, 4.916667, 0.000109, 0.000005, 0.000104, 
trial0013203, ZIC, 1191, 16, 74.437500, 1.750000, 0.000024, 0.000007, 0.000017, ZIP, 5637, 24, 234.875000, 5.833333, 0.000092, 0.000005, 0.000087, 
trial0013204, ZIC, 2938, 16, 183.625000, 3.500000, 0.000025, 0.000007, 0.000018, ZIP, 3910, 24, 162.916667, 5.000000, 0.000108, 0.000005, 0.000103, 
trial0013205, ZIC, 2111, 16, 131.937500, 3.562500, 0.000117, 0.000007, 0.000110, ZIP, 4971, 24, 207.125000, 5.458333, 0.000156, 0.000005, 0.000151, 
trial0013206, ZIC, 1911, 16, 119.437500, 2.625000, 0.000023, 0.000007, 0.000016, ZIP, 4665, 24, 194.375000, 4.916667, 0.000109, 0.000005, 0.000104, 
trial0013207, ZIC, 1623, 16, 101.437500, 2.625000, 0.000202, 0.000007, 0.000195, ZIP, 6384, 24, 266.000000, 6.416667, 0.000103, 0.000005, 0.000099, 
trial0013208, ZIC, 2077, 16, 129.812500, 2.937500, 0.000023, 0.000008, 0.000016, ZIP, 3413, 24, 142.208333, 4.375000, 0.000096, 0.000005, 0.000091, 
trial0013209, ZIC, 1730, 16, 108.125000, 2.437500, 0.000024, 0.000007, 0.000017, ZIP, 4162, 24, 173.416667, 4.708333, 0.000101, 0.000005, 0.000096, 
trial0013210, ZIC, 2663, 16, 166.437500, 3.375000, 0.000025, 0.000007, 0.000017, ZIP, 3417, 24, 142.375000, 5.166667, 0.000100, 0.000066, 0.000034, 
trial0013211, ZIC, 3719, 16, 232.437500, 4.375000, 0.000024, 0.000007, 0.000017, ZIP, 2967, 24, 123.625000, 4.500000, 0.000107, 0.000005, 0.000102, 
trial0013212, ZIC, 1417, 16, 88.562500, 2.562500, 0.000025, 0.000007, 0.000018, ZIP, 5268, 24, 219.500000, 5.625000, 0.000111, 0.000005, 0.000106, 
trial0013213, ZIC, 2272, 16, 142.000000, 3.312500, 0.000024, 0.000007, 0.000017, ZIP, 4150, 24, 172.916667, 4.791667, 0.000183, 0.000005, 0.000178, 
trial0013214, ZIC, 1677, 16, 104.812500, 2.625000, 0.000022, 0.000007, 0.000015, ZIP, 4335, 24, 180.625000, 4.916667, 0.000091, 0.000004, 0.000087, 
trial0013215, ZIC, 1322, 16, 82.625000, 2.250000, 0.000121, 0.000103, 0.000018, ZIP, 5140, 24, 214.166667, 5.583333, 0.000177, 0.000005, 0.000172, 
trial0013216, ZIC, 2112, 16, 132.000000, 2.875000, 0.000122, 0.000007, 0.000116, ZIP, 4620, 24, 192.500000, 5.500000, 0.000038, 0.000005, 0.000033, 
trial0013217, ZIC, 2746, 16, 171.625000, 3.375000, 0.000025, 0.000007, 0.000017, ZIP, 4371, 24, 182.125000, 5.500000, 0.000094, 0.000005, 0.000090, 
trial0013218, ZIC, 1650, 16, 103.125000, 2.312500, 0.000110, 0.000007, 0.000102, ZIP, 5336, 24, 222.333333, 5.791667, 0.000036, 0.000005, 0.000031, 
trial0013219, ZIC, 2795, 16, 174.687500, 3.750000, 0.000021, 0.000007, 0.000014, ZIP, 3866, 24, 161.083333, 4.333333, 0.000034, 0.000005, 0.000029, 
trial0013220, ZIC, 1128, 16, 70.500000, 2.125000, 0.000117, 0.000007, 0.000109, ZIP, 6068, 24, 252.833333, 5.750000, 0.000038, 0.000005, 0.000033, 
trial0013221, ZIC, 1940, 16, 121.250000, 2.812500, 0.000108, 0.000007, 0.000101, ZIP, 4154, 24, 173.083333, 4.791667, 0.000178, 0.000005, 0.000173, 
trial0013222, ZIC, 2350, 16, 146.875000, 2.937500, 0.000219, 0.000007, 0.000212, ZIP, 4432, 24, 184.666667, 5.458333, 0.000104, 0.000005, 0.000099, 
trial0013223, ZIC, 2158, 16, 134.875000, 3.000000, 0.000025, 0.000008, 0.000017, ZIP, 4413, 24, 183.875000, 4.833333, 0.000178, 0.000005, 0.000173, 
trial0013224, ZIC, 1695, 16, 105.937500, 2.687500, 0.000021, 0.000007, 0.000014, ZIP, 4312, 24, 179.666667, 4.791667, 0.000036, 0.000005, 0.000031, 
trial0013225, ZIC, 1397, 16, 87.312500, 2.000000, 0.000108, 0.000007, 0.000101, ZIP, 5874, 24, 244.750000, 5.583333, 0.000091, 0.000004, 0.000087, 
trial0013226, ZIC, 2293, 16, 143.312500, 3.125000, 0.000022, 0.000007, 0.000016, ZIP, 3893, 24, 162.208333, 4.833333, 0.000172, 0.000005, 0.000167, 
trial0013227, ZIC, 1508, 16, 94.250000, 1.687500, 0.000120, 0.000008, 0.000113, ZIP, 4371, 24, 182.125000, 5.125000, 0.000096, 0.000005, 0.000091, 
trial0013228, ZIC, 2498, 16, 156.125000, 3.375000, 0.000023, 0.000007, 0.000016, ZIP, 3268, 24, 136.166667, 3.916667, 0.000095, 0.000066, 0.000029, 
trial0013229, ZIC, 1699, 16, 106.187500, 2.250000, 0.000022, 0.000007, 0.000015, ZIP, 5158, 24, 214.916667, 5.416667, 0.000091, 0.000005, 0.000087, 
trial0013230, ZIC, 1771, 16, 110.687500, 2.812500, 0.000024, 0.000007, 0.000017, ZIP, 4941, 24, 205.875000, 5.208333, 0.000032, 0.000005, 0.000028, 
trial0013231, ZIC, 2065, 16, 129.062500, 2.562500, 0.000024, 0.000007, 0.000017, ZIP, 4614, 24, 192.250000, 5.208333, 0.000099, 0.000005, 0.000094, 
trial0013232, ZIC, 1624, 16, 101.500000, 2.625000, 0.000023, 0.000007, 0.000016, ZIP, 5083, 24, 211.791667, 4.916667, 0.000034, 0.000004, 0.000030, 
trial0013233, ZIC, 1996, 16, 124.750000, 3.000000, 0.000021, 0.000007, 0.000014, ZIP, 3609, 24, 150.375000, 4.000000, 0.000030, 0.000005, 0.000025, 
trial0013234, ZIC, 2315, 16, 144.687500, 2.875000, 0.000102, 0.000007, 0.000094, ZIP, 4817, 24, 200.708333, 5.500000, 0.000162, 0.000062, 0.000101, 
trial0013235, ZIC, 2884, 16, 180.250000, 3.875000, 0.000024, 0.000008, 0.000017, ZIP, 3638, 24, 151.583333, 4.166667, 0.000035, 0.000005, 0.000031, 
trial0013236, ZIC, 1189, 16, 74.312500, 1.687500, 0.000116, 0.000008, 0.000109, ZIP, 4867, 24, 202.791667, 5.208333, 0.000167, 0.000005, 0.000162, 
trial0013237, ZIC, 2400, 16, 150.000000, 2.750000, 0.000025, 0.000007, 0.000018, ZIP, 5078, 24, 211.583333, 6.250000, 0.000222, 0.000005, 0.000217, 
trial0013238, ZIC, 1814, 16, 113.375000, 2.750000, 0.000024, 0.000007, 0.000017, ZIP, 5078, 24, 211.583333, 5.250000, 0.000035, 0.000005, 0.000031, 
trial0013239, ZIC, 2379, 16, 148.687500, 3.375000, 0.000111, 0.000095, 0.000016, ZIP, 4482, 24, 186.750000, 5.000000, 0.000096, 0.000004, 0.000091, 
trial0013240, ZIC, 2062, 16, 128.875000, 3.000000, 0.000204, 0.000007, 0.000196, ZIP, 3934, 24, 163.916667, 4.416667, 0.000101, 0.000005, 0.000096, 
trial0013241, ZIC, 2011, 16, 125.687500, 2.562500, 0.000099, 0.000086, 0.000014, ZIP, 3710, 24, 154.583333, 4.375000, 0.000089, 0.000005, 0.000084, 
trial0013242, ZIC, 1662, 16, 103.875000, 2.187500, 0.000126, 0.000007, 0.000119, ZIP, 5180, 24, 215.833333, 5.208333, 0.000093, 0.000005, 0.000088, 
trial0013243, ZIC, 1794, 16, 112.125000, 2.125000, 0.000021, 0.000007, 0.000014, ZIP, 4298, 24, 179.083333, 4.916667, 0.000092, 0.000065, 0.000026, 
trial0013244, ZIC, 2506, 16, 156.625000, 2.875000, 0.000023, 0.000007, 0.000016, ZIP, 3850, 24, 160.416667, 4.750000, 0.000095, 0.000005, 0.000090, 
trial0013245, ZIC, 1279, 16, 79.937500, 2.312500, 0.000022, 0.000007, 0.000015, ZIP, 4544, 24, 189.333333, 4.708333, 0.000089, 0.000005, 0.000085, 
trial0013246, ZIC, 1653, 16, 103.312500, 2.812500, 0.000112, 0.000007, 0.000104, ZIP, 4536, 24, 189.000000, 4.625000, 0.000032, 0.000005, 0.000027, 
trial0013247, ZIC, 2666, 16, 166.625000, 3.562500, 0.000025, 0.000007, 0.000017, ZIP, 4407, 24, 183.625000, 5.041667, 0.000100, 0.000005, 0.000095, 
trial0013248, ZIC, 2436, 16, 152.250000, 3.375000, 0.000024, 0.000007, 0.000017, ZIP, 3809, 24, 158.708333, 4.833333, 0.000170, 0.000005, 0.000165, 
trial0013249, ZIC, 2800, 16, 175.000000, 3.312500, 0.000023, 0.000007, 0.000017, ZIP, 4208, 24, 175.333333, 5.291667, 0.000171, 0.000005, 0.000166, 
trial0013250, ZIC, 2159, 16, 134.937500, 3.250000, 0.000026, 0.000008, 0.000019, ZIP, 4738, 24, 197.416667, 4.666667, 0.000036, 0.000005, 0.000031, 
trial0013251, ZIC, 1804, 16, 112.750000, 2.187500, 0.000026, 0.000007, 0.000018, ZIP, 4898, 24, 204.083333, 6.041667, 0.000119, 0.000005, 0.000114, 
trial0013252, ZIC, 2175, 16, 135.937500, 3.000000, 0.000117, 0.000007, 0.000110, ZIP, 4062, 24, 169.250000, 4.916667, 0.000171, 0.000005, 0.000166, 
trial0013253, ZIC, 1874, 16, 117.125000, 2.562500, 0.000025, 0.000008, 0.000018, ZIP, 4339, 24, 180.791667, 5.291667, 0.000185, 0.000005, 0.000180, 
trial0013254, ZIC, 1813, 16, 113.312500, 2.812500, 0.000026, 0.000008, 0.000018, ZIP, 4869, 24, 202.875000, 5.125000, 0.000172, 0.000005, 0.000167, 
trial0013255, ZIC, 2599, 16, 162.437500, 2.812500, 0.000026, 0.000007, 0.000019, ZIP, 4379, 24, 182.458333, 5.458333, 0.000134, 0.000005, 0.000129, 
trial0013256, ZIC, 1600, 16, 100.000000, 2.562500, 0.000025, 0.000008, 0.000017, ZIP, 4870, 24, 202.916667, 4.958333, 0.000099, 0.000005, 0.000094, 
trial0013257, ZIC, 1913, 16, 119.562500, 2.437500, 0.000127, 0.000008, 0.000120, ZIP, 4547, 24, 189.458333, 4.958333, 0.000097, 0.000005, 0.000092, 
trial0013258, ZIC, 2316, 16, 144.750000, 3.312500, 0.000122, 0.000008, 0.000114, ZIP, 4318, 24, 179.916667, 4.875000, 0.000036, 0.000005, 0.000031, 
trial0013259, ZIC, 2126, 16, 132.875000, 2.875000, 0.000026, 0.000008, 0.000018, ZIP, 4926, 24, 205.250000, 5.250000, 0.000106, 0.000005, 0.000101, 
trial0013260, ZIC, 2211, 16, 138.187500, 3.062500, 0.000024, 0.000008, 0.000017, ZIP, 4355, 24, 181.458333, 4.291667, 0.000163, 0.000066, 0.000096, 
trial0013261, ZIC, 2547, 16, 159.187500, 3.250000, 0.000118, 0.000007, 0.000110, ZIP, 4669, 24, 194.541667, 5.833333, 0.000130, 0.000005, 0.000125, 
trial0013262, ZIC, 1836, 16, 114.750000, 2.375000, 0.000111, 0.000007, 0.000104, ZIP, 4392, 24, 183.000000, 4.916667, 0.000035, 0.000005, 0.000030, 
trial0013263, ZIC, 2100, 16, 131.250000, 3.125000, 0.000025, 0.000008, 0.000017, ZIP, 4521, 24, 188.375000, 4.750000, 0.000039, 0.000005, 0.000034, 
trial0013264, ZIC, 1550, 16, 96.875000, 2.375000, 0.000023, 0.000008, 0.000015, ZIP, 4103, 24, 170.958333, 4.083333, 0.000149, 0.000005, 0.000144, 
trial0013265, ZIC, 1527, 16, 95.437500, 2.312500, 0.000124, 0.000007, 0.000116, ZIP, 5461, 24, 227.541667, 5.541667, 0.000101, 0.000005, 0.000096, 
trial0013266, ZIC, 1230, 16, 76.875000, 1.812500, 0.000023, 0.000007, 0.000016, ZIP, 5674, 24, 236.416667, 5.541667, 0.000087, 0.000004, 0.000082, 
trial0013267, ZIC, 1875, 16, 117.187500, 2.625000, 0.000023, 0.000007, 0.000015, ZIP, 4613, 24, 192.208333, 4.750000, 0.000165, 0.000066, 0.000099, 
trial0013268, ZIC, 2312, 16, 144.500000, 3.687500, 0.000375, 0.000007, 0.000368, ZIP, 4827, 24, 201.125000, 5.291667, 0.000104, 0.000005, 0.000100, 
trial0013269, ZIC, 1619, 16, 101.187500, 2.562500, 0.000119, 0.000007, 0.000112, ZIP, 4876, 24, 203.166667, 5.041667, 0.000035, 0.000005, 0.000030, 
trial0013270, ZIC, 2601, 16, 162.562500, 2.812500, 0.000179, 0.000007, 0.000171, ZIP, 4292, 24, 178.833333, 5.291667, 0.000106, 0.000005, 0.000101, 
trial0013271, ZIC, 2237, 16, 139.812500, 2.750000, 0.000024, 0.000007, 0.000017, ZIP, 4001, 24, 166.708333, 4.833333, 0.000097, 0.000005, 0.000092, 
trial0013272, ZIC, 1418, 16, 88.625000, 2.437500, 0.000135, 0.000008, 0.000127, ZIP, 5137, 24, 214.041667, 5.208333, 0.000092, 0.000005, 0.000088, 
trial0013273, ZIC, 1764, 16, 110.250000, 2.125000, 0.000025, 0.000008, 0.000018, ZIP, 4881, 24, 203.375000, 5.416667, 0.000234, 0.000005, 0.000230, 
trial0013274, ZIC, 1958, 16, 122.375000, 2.812500, 0.000025, 0.000008, 0.000017, ZIP, 5290, 24, 220.416667, 5.291667, 0.000279, 0.000005, 0.000274, 
trial0013275, ZIC, 1987, 16, 124.187500, 2.562500, 0.000111, 0.000007, 0.000103, ZIP, 4481, 24, 186.708333, 4.708333, 0.000033, 0.000005, 0.000029, 
trial0013276, ZIC, 1834, 16, 114.625000, 2.625000, 0.000022, 0.000007, 0.000016, ZIP, 4698, 24, 195.750000, 5.083333, 0.000033, 0.000004, 0.000028, 
trial0013277, ZIC, 1589, 16, 99.312500, 2.625000, 0.000021, 0.000006, 0.000015, ZIP, 5062, 24, 210.916667, 4.916667, 0.000033, 0.000004, 0.000028, 
trial0013278, ZIC, 2611, 16, 163.187500, 3.437500, 0.000024, 0.000007, 0.000017, ZIP, 3744, 24, 156.000000, 4.875000, 0.000162, 0.000005, 0.000157, 
trial0013279, ZIC, 2938, 16, 183.625000, 3.562500, 0.000024, 0.000007, 0.000017, ZIP, 4951, 24, 206.291667, 5.125000, 0.000244, 0.000005, 0.000239, 
trial0013280, ZIC, 1679, 16, 104.937500, 2.187500, 0.000197, 0.000181, 0.000016, ZIP, 4661, 24, 194.208333, 5.125000, 0.000034, 0.000005, 0.000030, 
trial0013281, ZIC, 2333, 16, 145.812500, 3.437500, 0.000024, 0.000007, 0.000018, ZIP, 5004, 24, 208.500000, 5.791667, 0.000110, 0.000004, 0.000106, 
trial0013282, ZIC, 1908, 16, 119.250000, 2.812500, 0.000022, 0.000007, 0.000015, ZIP, 4213, 24, 175.541667, 4.708333, 0.000095, 0.000004, 0.000091, 
trial0013283, ZIC, 2627, 16, 164.187500, 3.000000, 0.000023, 0.000007, 0.000016, ZIP, 3970, 24, 165.416667, 4.750000, 0.000032, 0.000005, 0.000027, 
trial0013284, ZIC, 2084, 16, 130.250000, 2.875000, 0.000209, 0.000007, 0.000201, ZIP, 4255, 24, 177.291667, 4.500000, 0.000104, 0.000005, 0.000099, 
trial0013285, ZIC, 2058, 16, 128.625000, 2.562500, 0.000024, 0.000008, 0.000017, ZIP, 4618, 24, 192.416667, 5.041667, 0.000098, 0.000068, 0.000030, 
trial0013286, ZIC, 2669, 16, 166.812500, 3.500000, 0.000114, 0.000008, 0.000106, ZIP, 4115, 24, 171.458333, 5.166667, 0.000112, 0.000005, 0.000108, 
trial0013287, ZIC, 2578, 16, 161.125000, 3.375000, 0.000025, 0.000008, 0.000018, ZIP, 3727, 24, 155.291667, 4.583333, 0.000037, 0.000005, 0.000032, 
trial0013288, ZIC, 2712, 16, 169.500000, 3.875000, 0.000026, 0.000007, 0.000019, ZIP, 3654, 24, 152.250000, 4.916667, 0.000097, 0.000005, 0.000092, 
trial0013289, ZIC, 1528, 16, 95.500000, 2.250000, 0.000026, 0.000008, 0.000018, ZIP, 5814, 24, 242.250000, 6.166667, 0.000248, 0.000077, 0.000170, 
trial0013290, ZIC, 2302, 16, 143.875000, 3.062500, 0.000121, 0.000007, 0.000114, ZIP, 4681, 24, 195.041667, 5.458333, 0.000104, 0.000005, 0.000100, 
trial0013291, ZIC, 2064, 16, 129.000000, 2.500000, 0.000023, 0.000007, 0.000015, ZIP, 4703, 24, 195.958333, 5.250000, 0.000033, 0.000005, 0.000028, 
trial0013292, ZIC, 1744, 16, 109.000000, 2.312500, 0.000022, 0.000007, 0.000015, ZIP, 5295, 24, 220.625000, 5.541667, 0.000095, 0.000005, 0.000091, 
trial0013293, ZIC, 2839, 16, 177.437500, 3.312500, 0.000022, 0.000007, 0.000016, ZIP, 3825, 24, 159.375000, 5.041667, 0.000036, 0.000005, 0.000032, 
trial0013294, ZIC, 2186, 16, 136.625000, 3.000000, 0.000112, 0.000007, 0.000105, ZIP, 4466, 24, 186.083333, 4.500000, 0.000034, 0.000005, 0.000030, 
trial0013295, ZIC, 1984, 16, 124.000000, 3.062500, 0.000023, 0.000007, 0.000016, ZIP, 5609, 24, 233.708333, 6.041667, 0.000235, 0.000069, 0.000166, 
trial0013296, ZIC, 2197, 16, 137.312500, 2.937500, 0.000024, 0.000007, 0.000017, ZIP, 4509, 24, 187.875000, 5.041667, 0.000034, 0.000005, 0.000030, 
trial0013297, ZIC, 1819, 16, 113.687500, 2.500000, 0.000104, 0.000007, 0.000096, ZIP, 3167, 24, 131.958333, 3.583333, 0.000091, 0.000005, 0.000086, 
trial0013298, ZIC, 1812, 16, 113.250000, 2.875000, 0.000022, 0.000007, 0.000015, ZIP, 4486, 24, 186.916667, 4.333333, 0.000096, 0.000005, 0.000091, 
trial0013299, ZIC, 1394, 16, 87.125000, 2.250000, 0.000022, 0.000007, 0.000015, ZIP, 3936, 24, 164.000000, 3.916667, 0.000031, 0.000005, 0.000027, 
trial0013300, ZIC, 2336, 16, 146.000000, 3.000000, 0.000113, 0.000007, 0.000106, ZIP, 4398, 24, 183.250000, 5.083333, 0.000036, 0.000005, 0.000032, 
trial0013301, ZIC, 443, 16, 27.687500, 0.937500, 0.000021, 0.000007, 0.000014, ZIP, 1976, 24, 82.333333, 3.875000, 0.000028, 0.000005, 0.000023, 
trial0013302, ZIC, 104, 16, 6.500000, 0.375000, 0.000020, 0.000007, 0.000013, ZIP, 2721, 24, 113.375000, 3.833333, 0.000027, 0.000005, 0.000022, 
trial0013303, ZIC, 580, 16, 36.250000, 1.375000, 0.000021, 0.000008, 0.000014, ZIP, 1737, 24, 72.375000, 3.333333, 0.000026, 0.000005, 0.000022, 
trial0013304, ZIC, 539, 16, 33.687500, 1.250000, 0.000018, 0.000007, 0.000011, ZIP, 2142, 24, 89.250000, 3.333333, 0.000079, 0.000058, 0.000021, 
trial0013305, ZIC, 522, 16, 32.625000, 1.250000, 0.000020, 0.000007, 0.000013, ZIP, 2038, 24, 84.916667, 3.916667, 0.000027, 0.000005, 0.000023, 
trial0013306, ZIC, 1081, 16, 67.562500, 1.937500, 0.000022, 0.000007, 0.000014, ZIP, 1759, 24, 73.291667, 3.875000, 0.000030, 0.000005, 0.000026, 
trial0013307, ZIC, 316, 16, 19.750000, 0.875000, 0.000020, 0.000007, 0.000013, ZIP, 2299, 24, 95.791667, 4.166667, 0.000029, 0.000005, 0.000024, 
trial0013308, ZIC, 621, 16, 38.812500, 1.375000, 0.000022, 0.000008, 0.000014, ZIP, 2000, 24, 83.333333, 3.750000, 0.000029, 0.000005, 0.000024, 
trial0013309, ZIC, 531, 16, 33.187500, 1.000000, 0.000021, 0.000008, 0.000014, ZIP, 2096, 24, 87.333333, 3.833333, 0.000029, 0.000005, 0.000024, 
trial0013310, ZIC, 722, 16, 45.125000, 1.625000, 0.000019, 0.000007, 0.000012, ZIP, 2101, 24, 87.541667, 3.166667, 0.000026, 0.000004, 0.000021, 
trial0013311, ZIC, 574, 16, 35.875000, 1.187500, 0.000019, 0.000007, 0.000012, ZIP, 1935, 24, 80.625000, 3.291667, 0.000025, 0.000005, 0.000021, 
trial0013312, ZIC, 319, 16, 19.937500, 1.000000, 0.000018, 0.000007, 0.000011, ZIP, 2216, 24, 92.333333, 3.083333, 0.000025, 0.000004, 0.000021, 
trial0013313, ZIC, 626, 16, 39.125000, 1.562500, 0.000022, 0.000008, 0.000014, ZIP, 1947, 24, 81.125000, 2.958333, 0.000027, 0.000005, 0.000023, 
trial0013314, ZIC, 298, 16, 18.625000, 0.812500, 0.000021, 0.000007, 0.000014, ZIP, 2413, 24, 100.541667, 4.458333, 0.000029, 0.000005, 0.000024, 
trial0013315, ZIC, 671, 16, 41.937500, 1.500000, 0.000021, 0.000008, 0.000014, ZIP, 1907, 24, 79.458333, 3.416667, 0.000026, 0.000005, 0.000022, 
trial0013316, ZIC, 1119, 16, 69.937500, 1.875000, 0.000022, 0.000008, 0.000014, ZIP, 1244, 24, 51.833333, 3.583333, 0.000030, 0.000005, 0.000025, 
trial0013317, ZIC, 569, 16, 35.562500, 1.312500, 0.000020, 0.000007, 0.000013, ZIP, 1800, 24, 75.000000, 3.791667, 0.000031, 0.000005, 0.000026, 
trial0013318, ZIC, 865, 16, 54.062500, 1.312500, 0.000021, 0.000008, 0.000013, ZIP, 1331, 24, 55.458333, 2.791667, 0.000027, 0.000005, 0.000022, 
trial0013319, ZIC, 402, 16, 25.125000, 0.875000, 0.000022, 0.000008, 0.000014, ZIP, 2192, 24, 91.333333, 3.916667, 0.000027, 0.000005, 0.000023, 
trial0013320, ZIC, 1015, 16, 63.437500, 1.812500, 0.000018, 0.000007, 0.000011, ZIP, 1612, 24, 67.166667, 3.041667, 0.000027, 0.000005, 0.000022, 
trial0013321, ZIC, 839, 16, 52.437500, 1.750000, 0.000021, 0.000007, 0.000013, ZIP, 1548, 24, 64.500000, 3.166667, 0.000028, 0.000005, 0.000023, 
trial0013322, ZIC, 1216, 16, 76.000000, 2.062500, 0.000021, 0.000007, 0.000014, ZIP, 1433, 24, 59.708333, 3.041667, 0.000028, 0.000005, 0.000024, 
trial0013323, ZIC, 875, 16, 54.687500, 1.562500, 0.000021, 0.000007, 0.000014, ZIP, 2068, 24, 86.166667, 3.625000, 0.000028, 0.000005, 0.000023, 
trial0013324, ZIC, 524, 16, 32.750000, 1.187500, 0.000022, 0.000007, 0.000015, ZIP, 1921, 24, 80.041667, 4.125000, 0.000030, 0.000005, 0.000025, 
trial0013325, ZIC, 618, 16, 38.625000, 1.562500, 0.000020, 0.000007, 0.000013, ZIP, 1445, 24, 60.208333, 2.958333, 0.000026, 0.000005, 0.000022, 
trial0013326, ZIC, 712, 16, 44.500000, 1.062500, 0.000020, 0.000007, 0.000013, ZIP, 2435, 24, 101.458333, 3.875000, 0.000026, 0.000005, 0.000022, 
trial0013327, ZIC, 730, 16, 45.625000, 1.500000, 0.000020, 0.000007, 0.000013, ZIP, 1412, 24, 58.833333, 3.250000, 0.000028, 0.000005, 0.000023, 
trial0013328, ZIC, 322, 16, 20.125000, 0.937500, 0.000018, 0.000007, 0.000011, ZIP, 2455, 24, 102.291667, 3.875000, 0.000024, 0.000004, 0.000020, 
trial0013329, ZIC, 453, 16, 28.312500, 1.125000, 0.000022, 0.000008, 0.000015, ZIP, 2221, 24, 92.541667, 3.583333, 0.000028, 0.000005, 0.000024, 
trial0013330, ZIC, 1071, 16, 66.937500, 1.750000, 0.000018, 0.000007, 0.000012, ZIP, 1310, 24, 54.583333, 2.750000, 0.000028, 0.000005, 0.000023, 
trial0013331, ZIC, 490, 16, 30.625000, 0.875000, 0.000017, 0.000006, 0.000010, ZIP, 2200, 24, 91.666667, 3.500000, 0.000026, 0.000005, 0.000021, 
trial0013332, ZIC, 907, 16, 56.687500, 2.000000, 0.000021, 0.000007, 0.000014, ZIP, 1675, 24, 69.791667, 3.500000, 0.000027, 0.000004, 0.000023, 
trial0013333, ZIC, 855, 16, 53.437500, 1.250000, 0.000020, 0.000007, 0.000012, ZIP, 2112, 24, 88.000000, 4.000000, 0.000025, 0.000004, 0.000021, 
trial0013334, ZIC, 1183, 16, 73.937500, 2.187500, 0.000020, 0.000007, 0.000013, ZIP, 1657, 24, 69.041667, 3.291667, 0.000027, 0.000004, 0.000023, 
trial0013335, ZIC, 907, 16, 56.687500, 1.812500, 0.000017, 0.000006, 0.000011, ZIP, 2133, 24, 88.875000, 3.541667, 0.000026, 0.000004, 0.000022, 
trial0013336, ZIC, 888, 16, 55.500000, 1.187500, 0.000020, 0.000007, 0.000013, ZIP, 1978, 24, 82.416667, 3.958333, 0.000028, 0.000004, 0.000023, 
trial0013337, ZIC, 683, 16, 42.687500, 1.250000, 0.000020, 0.000007, 0.000013, ZIP, 2181, 24, 90.875000, 3.666667, 0.000026, 0.000004, 0.000022, 
trial0013338, ZIC, 916, 16, 57.250000, 1.625000, 0.000019, 0.000007, 0.000012, ZIP, 1895, 24, 78.958333, 3.333333, 0.000026, 0.000005, 0.000022, 
trial0013339, ZIC, 1091, 16, 68.187500, 1.875000, 0.000018, 0.000007, 0.000012, ZIP, 1487, 24, 61.958333, 3.250000, 0.000029, 0.000005, 0.000025, 
trial0013340, ZIC, 469, 16, 29.312500, 1.062500, 0.000217, 0.000007, 0.000210, ZIP, 1396, 24, 58.166667, 2.958333, 0.000091, 0.000005, 0.000087, 
trial0013341, ZIC, 316, 16, 19.750000, 0.687500, 0.000021, 0.000007, 0.000013, ZIP, 2543, 24, 105.958333, 4.291667, 0.000028, 0.000005, 0.000023, 
trial0013342, ZIC, 40, 16, 2.500000, 0.312500, 0.000022, 0.000008, 0.000014, ZIP, 3063, 24, 127.625000, 4.625000, 0.000029, 0.000005, 0.000024, 
trial0013343, ZIC, 416, 16, 26.000000, 1.062500, 0.000022, 0.000007, 0.000014, ZIP, 2564, 24, 106.833333, 4.375000, 0.000028, 0.000004, 0.000023, 
trial0013344, ZIC, 514, 16, 32.125000, 1.187500, 0.000021, 0.000007, 0.000013, ZIP, 1966, 24, 81.916667, 3.458333, 0.000027, 0.000005, 0.000023, 
trial0013345, ZIC, 502, 16, 31.375000, 1.250000, 0.000020, 0.000008, 0.000013, ZIP, 1754, 24, 73.083333, 3.083333, 0.000025, 0.000005, 0.000021, 
trial0013346, ZIC, 158, 16, 9.875000, 0.437500, 0.000022, 0.000008, 0.000015, ZIP, 2807, 24, 116.958333, 4.541667, 0.000029, 0.000005, 0.000024, 
trial0013347, ZIC, 605, 16, 37.812500, 1.625000, 0.000021, 0.000008, 0.000013, ZIP, 1911, 24, 79.625000, 3.166667, 0.000030, 0.000005, 0.000025, 
trial0013348, ZIC, 777, 16, 48.562500, 1.375000, 0.000023, 0.000008, 0.000015, ZIP, 2068, 24, 86.166667, 4.166667, 0.000031, 0.000005, 0.000026, 
trial0013349, ZIC, 714, 16, 44.625000, 1.375000, 0.000020, 0.000007, 0.000013, ZIP, 2452, 24, 102.166667, 4.416667, 0.000029, 0.000005, 0.000024, 
trial0013350, ZIC, 1146, 16, 71.625000, 1.812500, 0.000019, 0.000007, 0.000012, ZIP, 1523, 24, 63.458333, 2.791667, 0.000028, 0.000004, 0.000023, 
trial0013351, ZIC, 1331, 16, 83.187500, 1.875000, 0.000022, 0.000007, 0.000014, ZIP, 1520, 24, 63.333333, 3.833333, 0.000029, 0.000005, 0.000024, 
trial0013352, ZIC, 554, 16, 34.625000, 0.875000, 0.000021, 0.000007, 0.000013, ZIP, 2405, 24, 100.208333, 4.250000, 0.000029, 0.000005, 0.000024, 
trial0013353, ZIC, 707, 16, 44.187500, 2.125000, 0.000020, 0.000007, 0.000013, ZIP, 1822, 24, 75.916667, 3.083333, 0.000026, 0.000004, 0.000022, 
trial0013354, ZIC, 296, 16, 18.500000, 0.812500, 0.000020, 0.000007, 0.000013, ZIP, 2598, 24, 108.250000, 4.208333, 0.000028, 0.000005, 0.000023, 
trial0013355, ZIC, 401, 16, 25.062500, 0.625000, 0.000020, 0.000008, 0.000013, ZIP, 2154, 24, 89.750000, 4.000000, 0.000027, 0.000005, 0.000022, 
trial0013356, ZIC, 576, 16, 36.000000, 1.375000, 0.000024, 0.000008, 0.000016, ZIP, 2073, 24, 86.375000, 3.583333, 0.000029, 0.000005, 0.000024, 
trial0013357, ZIC, 541, 16, 33.812500, 1.187500, 0.000018, 0.000007, 0.000011, ZIP, 2192, 24, 91.333333, 3.791667, 0.000029, 0.000005, 0.000024, 
trial0013358, ZIC, 684, 16, 42.750000, 1.687500, 0.000020, 0.000007, 0.000013, ZIP, 1722, 24, 71.750000, 3.125000, 0.000027, 0.000005, 0.000022, 
trial0013359, ZIC, 280, 16, 17.500000, 0.687500, 0.000017, 0.000007, 0.000010, ZIP, 1524, 24, 63.500000, 2.625000, 0.000021, 0.000005, 0.000016, 
trial0013360, ZIC, 374, 16, 23.375000, 1.000000, 0.000022, 0.000008, 0.000014, ZIP, 2582, 24, 107.583333, 4.083333, 0.000028, 0.000005, 0.000024, 
trial0013361, ZIC, 534, 16, 33.375000, 1.187500, 0.000022, 0.000008, 0.000013, ZIP, 1433, 24, 59.708333, 2.791667, 0.000026, 0.000005, 0.000021, 
trial0013362, ZIC, 443, 16, 27.687500, 1.125000, 0.000022, 0.000008, 0.000014, ZIP, 2128, 24, 88.666667, 3.916667, 0.000029, 0.000005, 0.000024, 
trial0013363, ZIC, 956, 16, 59.750000, 1.562500, 0.000025, 0.000008, 0.000017, ZIP, 1862, 24, 77.583333, 4.208333, 0.000032, 0.000005, 0.000027, 
trial0013364, ZIC, 1208, 16, 75.500000, 2.062500, 0.000023, 0.000008, 0.000015, ZIP, 1203, 24, 50.125000, 3.125000, 0.000030, 0.000005, 0.000025, 
trial0013365, ZIC, 844, 16, 52.750000, 1.562500, 0.000023, 0.000008, 0.000015, ZIP, 1930, 24, 80.416667, 3.708333, 0.000029, 0.000005, 0.000024, 
trial0013366, ZIC, 844, 16, 52.750000, 1.562500, 0.000023, 0.000008, 0.000015, ZIP, 1720, 24, 71.666667, 3.791667, 0.000030, 0.000005, 0.000025, 
trial0013367, ZIC, 1049, 16, 65.562500, 1.937500, 0.000023, 0.000008, 0.000015, ZIP, 1711, 24, 71.291667, 3.625000, 0.000031, 0.000005, 0.000027, 
trial0013368, ZIC, 655, 16, 40.937500, 1.500000, 0.000020, 0.000007, 0.000013, ZIP, 2556, 24, 106.500000, 4.500000, 0.000031, 0.000005, 0.000026, 
trial0013369, ZIC, 760, 16, 47.500000, 1.750000, 0.000020, 0.000007, 0.000013, ZIP, 1702, 24, 70.916667, 3.166667, 0.000026, 0.000005, 0.000022, 
trial0013370, ZIC, 447, 16, 27.937500, 1.187500, 0.000022, 0.000008, 0.000015, ZIP, 2422, 24, 100.916667, 3.958333, 0.000029, 0.000005, 0.000024, 
trial0013371, ZIC, 831, 16, 51.937500, 1.625000, 0.000021, 0.000007, 0.000014, ZIP, 2177, 24, 90.708333, 3.833333, 0.000028, 0.000005, 0.000024, 
trial0013372, ZIC, 407, 16, 25.437500, 1.125000, 0.000020, 0.000007, 0.000013, ZIP, 2197, 24, 91.541667, 3.333333, 0.000027, 0.000005, 0.000022, 
trial0013373, ZIC, 391, 16, 24.437500, 0.750000, 0.000055, 0.000041, 0.000014, ZIP, 2431, 24, 101.291667, 4.250000, 0.000027, 0.000004, 0.000023, 
trial0013374, ZIC, 1126, 16, 70.375000, 1.812500, 0.000021, 0.000007, 0.000013, ZIP, 1825, 24, 76.041667, 3.375000, 0.000027, 0.000005, 0.000023, 
trial0013375, ZIC, 1128, 16, 70.500000, 2.062500, 0.000023, 0.000008, 0.000015, ZIP, 1537, 24, 64.041667, 3.541667, 0.000029, 0.000005, 0.000025, 
trial0013376, ZIC, 803, 16, 50.187500, 1.812500, 0.000020, 0.000007, 0.000013, ZIP, 1751, 24, 72.958333, 2.791667, 0.000027, 0.000005, 0.000022, 
trial0013377, ZIC, 582, 16, 36.375000, 1.312500, 0.000020, 0.000007, 0.000013, ZIP, 1882, 24, 78.416667, 3.041667, 0.000026, 0.000005, 0.000021, 
trial0013378, ZIC, 437, 16, 27.312500, 0.937500, 0.000020, 0.000008, 0.000012, ZIP, 1796, 24, 74.833333, 2.958333, 0.000025, 0.000005, 0.000020, 
trial0013379, ZIC, 497, 16, 31.062500, 1.375000, 0.000022, 0.000008, 0.000014, ZIP, 2309, 24, 96.208333, 3.333333, 0.000027, 0.000005, 0.000022, 
trial0013380, ZIC, 759, 16, 47.437500, 1.250000, 0.000023, 0.000008, 0.000015, ZIP, 2105, 24, 87.708333, 4.083333, 0.000030, 0.000005, 0.000025, 
trial0013381, ZIC, 586, 16, 36.625000, 1.437500, 0.000022, 0.000008, 0.000014, ZIP, 1457, 24, 60.708333, 2.958333, 0.000027, 0.000005, 0.000023, 
trial0013382, ZIC, 481, 16, 30.062500, 0.937500, 0.000021, 0.000008, 0.000014, ZIP, 2223, 24, 92.625000, 3.708333, 0.000028, 0.000005, 0.000023, 
trial0013383, ZIC, 1060, 16, 66.250000, 1.687500, 0.000024, 0.000008, 0.000016, ZIP, 1662, 24, 69.250000, 3.625000, 0.000030, 0.000005, 0.000025, 
trial0013384, ZIC, 773, 16, 48.312500, 1.687500, 0.000024, 0.000008, 0.000016, ZIP, 2279, 24, 94.958333, 3.708333, 0.000029, 0.000005, 0.000024, 
trial0013385, ZIC, 965, 16, 60.312500, 1.187500, 0.000023, 0.000008, 0.000015, ZIP, 1951, 24, 81.291667, 3.791667, 0.000029, 0.000005, 0.000024, 
trial0013386, ZIC, 381, 16, 23.812500, 0.625000, 0.000022, 0.000008, 0.000014, ZIP, 2361, 24, 98.375000, 4.083333, 0.000029, 0.000005, 0.000024, 
trial0013387, ZIC, 1099, 16, 68.687500, 2.125000, 0.000022, 0.000008, 0.000014, ZIP, 1187, 24, 49.458333, 2.666667, 0.000028, 0.000005, 0.000023, 
trial0013388, ZIC, 592, 16, 37.000000, 1.437500, 0.000023, 0.000008, 0.000015, ZIP, 2457, 24, 102.375000, 3.958333, 0.000030, 0.000005, 0.000025, 
trial0013389, ZIC, 763, 16, 47.687500, 1.750000, 0.000020, 0.000007, 0.000012, ZIP, 2071, 24, 86.291667, 3.500000, 0.000031, 0.000005, 0.000025, 
trial0013390, ZIC, 1157, 16, 72.312500, 2.375000, 0.000019, 0.000007, 0.000013, ZIP, 955, 24, 39.791667, 2.750000, 0.000032, 0.000005, 0.000027, 
trial0013391, ZIC, 764, 16, 47.750000, 1.312500, 0.000022, 0.000008, 0.000014, ZIP, 2169, 24, 90.375000, 3.375000, 0.000028, 0.000005, 0.000023, 
trial0013392, ZIC, 374, 16, 23.375000, 0.812500, 0.000021, 0.000008, 0.000013, ZIP, 2303, 24, 95.958333, 3.625000, 0.000028, 0.000005, 0.000023, 
trial0013393, ZIC, 706, 16, 44.125000, 1.437500, 0.000023, 0.000008, 0.000015, ZIP, 1383, 24, 57.625000, 3.541667, 0.000031, 0.000005, 0.000026, 
trial0013394, ZIC, 645, 16, 40.312500, 1.375000, 0.000023, 0.000008, 0.000015, ZIP, 2302, 24, 95.916667, 3.833333, 0.000029, 0.000005, 0.000024, 
trial0013395, ZIC, 576, 16, 36.000000, 1.250000, 0.000023, 0.000008, 0.000016, ZIP, 2398, 24, 99.916667, 4.166667, 0.000028, 0.000005, 0.000023, 
trial0013396, ZIC, 750, 16, 46.875000, 1.312500, 0.000019, 0.000007, 0.000012, ZIP, 2116, 24, 88.166667, 3.708333, 0.000029, 0.000005, 0.000024, 
trial0013397, ZIC, 887, 16, 55.437500, 1.625000, 0.000023, 0.000008, 0.000015, ZIP, 1792, 24, 74.666667, 3.583333, 0.000028, 0.000005, 0.000023, 
trial0013398, ZIC, 585, 16, 36.562500, 1.187500, 0.000024, 0.000008, 0.000016, ZIP, 2324, 24, 96.833333, 4.041667, 0.000030, 0.000005, 0.000025, 
trial0013399, ZIC, 436, 16, 27.250000, 1.062500, 0.000022, 0.000008, 0.000014, ZIP, 2340, 24, 97.500000, 4.125000, 0.000030, 0.000005, 0.000025, 
trial0013400, ZIC, 793, 16, 49.562500, 1.125000, 0.000021, 0.000007, 0.000014, ZIP, 2424, 24, 101.000000, 4.583333, 0.000030, 0.000004, 0.000025, 
trial0013401, ZIC, 105, 16, 6.562500, 0.375000, 0.000013, 0.000007, 0.000006, ZIP, 152, 24, 6.333333, 0.416667, 0.000014, 0.000004, 0.000010, 
trial0013402, ZIC, 268, 16, 16.750000, 1.125000, 0.000018, 0.000007, 0.000010, ZIP, 465, 24, 19.375000, 1.916667, 0.000021, 0.000005, 0.000016, 
trial0013403, ZIC, 53, 16, 3.312500, 0.375000, 0.000018, 0.000007, 0.000011, ZIP, 1108, 24, 46.166667, 3.583333, 0.000027, 0.000005, 0.000022, 
trial0013404, ZIC, 153, 16, 9.562500, 0.500000, 0.000020, 0.000008, 0.000012, ZIP, 723, 24, 30.125000, 2.916667, 0.000024, 0.000005, 0.000019, 
trial0013405, ZIC, 82, 16, 5.125000, 0.500000, 0.000020, 0.000008, 0.000012, ZIP, 991, 24, 41.291667, 3.000000, 0.000024, 0.000005, 0.000019, 
trial0013406, ZIC, 130, 16, 8.125000, 0.437500, 0.000020, 0.000008, 0.000012, ZIP, 913, 24, 38.041667, 2.791667, 0.000024, 0.000005, 0.000019, 
trial0013407, ZIC, 156, 16, 9.750000, 0.500000, 0.000020, 0.000008, 0.000012, ZIP, 1007, 24, 41.958333, 3.333333, 0.000026, 0.000005, 0.000022, 
trial0013408, ZIC, 189, 16, 11.812500, 0.562500, 0.000017, 0.000008, 0.000009, ZIP, 577, 24, 24.041667, 1.291667, 0.000019, 0.000005, 0.000014, 
trial0013409, ZIC, 271, 16, 16.937500, 0.812500, 0.000018, 0.000007, 0.000011, ZIP, 839, 24, 34.958333, 2.791667, 0.000028, 0.000005, 0.000023, 
trial0013410, ZIC, 275, 16, 17.187500, 1.125000, 0.000019, 0.000008, 0.000011, ZIP, 472, 24, 19.666667, 1.750000, 0.000023, 0.000005, 0.000019, 
trial0013411, ZIC, 244, 16, 15.250000, 0.812500, 0.000019, 0.000008, 0.000011, ZIP, 502, 24, 20.916667, 1.791667, 0.000021, 0.000005, 0.000016, 
trial0013412, ZIC, 76, 16, 4.750000, 0.437500, 0.000017, 0.000007, 0.000010, ZIP, 1040, 24, 43.333333, 2.791667, 0.000027, 0.000005, 0.000022, 
trial0013413, ZIC, 274, 16, 17.125000, 1.062500, 0.000016, 0.000007, 0.000009, ZIP, 206, 24, 8.583333, 0.625000, 0.000018, 0.000005, 0.000014, 
trial0013414, ZIC, 193, 16, 12.062500, 0.875000, 0.000017, 0.000007, 0.000009, ZIP, 585, 24, 24.375000, 1.833333, 0.000024, 0.000005, 0.000019, 
trial0013415, ZIC, 169, 16, 10.562500, 0.625000, 0.000020, 0.000008, 0.000012, ZIP, 763, 24, 31.791667, 2.500000, 0.000024, 0.000005, 0.000019, 
trial0013416, ZIC, 94, 16, 5.875000, 0.375000, 0.000018, 0.000008, 0.000010, ZIP, 684, 24, 28.500000, 2.000000, 0.000021, 0.000005, 0.000016, 
trial0013417, ZIC, 81, 16, 5.062500, 0.437500, 0.000021, 0.000008, 0.000013, ZIP, 1061, 24, 44.208333, 3.291667, 0.000025, 0.000005, 0.000020, 
trial0013418, ZIC, 72, 16, 4.500000, 0.312500, 0.000018, 0.000008, 0.000010, ZIP, 634, 24, 26.416667, 2.041667, 0.000063, 0.000005, 0.000059, 
trial0013419, ZIC, 211, 16, 13.187500, 0.937500, 0.000019, 0.000007, 0.000012, ZIP, 1164, 24, 48.500000, 3.208333, 0.000029, 0.000005, 0.000023, 
trial0013420, ZIC, 206, 16, 12.875000, 0.812500, 0.000020, 0.000008, 0.000012, ZIP, 812, 24, 33.833333, 2.708333, 0.000025, 0.000005, 0.000020, 
trial0013421, ZIC, 117, 16, 7.312500, 0.375000, 0.000020, 0.000008, 0.000012, ZIP, 1032, 24, 43.000000, 3.083333, 0.000025, 0.000005, 0.000021, 
trial0013422, ZIC, 171, 16, 10.687500, 0.625000, 0.000021, 0.000008, 0.000014, ZIP, 1056, 24, 44.000000, 3.333333, 0.000026, 0.000005, 0.000021, 
trial0013423, ZIC, 253, 16, 15.812500, 0.812500, 0.000020, 0.000008, 0.000012, ZIP, 805, 24, 33.541667, 2.958333, 0.000025, 0.000005, 0.000020, 
trial0013424, ZIC, 143, 16, 8.937500, 0.500000, 0.000016, 0.000007, 0.000009, ZIP, 689, 24, 28.708333, 2.000000, 0.000074, 0.000005, 0.000069, 
trial0013425, ZIC, 181, 16, 11.312500, 0.750000, 0.000016, 0.000007, 0.000009, ZIP, 694, 24, 28.916667, 2.500000, 0.000024, 0.000005, 0.000019, 
trial0013426, ZIC, 222, 16, 13.875000, 0.750000, 0.000017, 0.000007, 0.000010, ZIP, 829, 24, 34.541667, 2.500000, 0.000025, 0.000005, 0.000020, 
trial0013427, ZIC, 90, 16, 5.625000, 0.437500, 0.000018, 0.000007, 0.000010, ZIP, 752, 24, 31.333333, 2.041667, 0.000022, 0.000005, 0.000017, 
trial0013428, ZIC, 258, 16, 16.125000, 0.750000, 0.000016, 0.000007, 0.000009, ZIP, 422, 24, 17.583333, 1.250000, 0.000019, 0.000005, 0.000015, 
trial0013429, ZIC, 196, 16, 12.250000, 0.750000, 0.000017, 0.000007, 0.000010, ZIP, 914, 24, 38.083333, 3.000000, 0.000026, 0.000005, 0.000021, 
trial0013430, ZIC, 336, 16, 21.000000, 0.875000, 0.000018, 0.000007, 0.000011, ZIP, 707, 24, 29.458333, 2.416667, 0.000023, 0.000005, 0.000018, 
trial0013431, ZIC, 127, 16, 7.937500, 0.375000, 0.000020, 0.000008, 0.000012, ZIP, 1121, 24, 46.708333, 3.500000, 0.000026, 0.000005, 0.000021, 
trial0013432, ZIC, 195, 16, 12.187500, 1.000000, 0.000017, 0.000007, 0.000010, ZIP, 657, 24, 27.375000, 2.833333, 0.000027, 0.000005, 0.000022, 
trial0013433, ZIC, 221, 16, 13.812500, 0.750000, 0.000020, 0.000007, 0.000013, ZIP, 795, 24, 33.125000, 3.250000, 0.000027, 0.000005, 0.000022, 
trial0013434, ZIC, 67, 16, 4.187500, 0.250000, 0.000015, 0.000007, 0.000008, ZIP, 760, 24, 31.666667, 2.000000, 0.000018, 0.000004, 0.000014, 
trial0013435, ZIC, 115, 16, 7.187500, 0.687500, 0.000015, 0.000007, 0.000009, ZIP, 710, 24, 29.583333, 2.375000, 0.000023, 0.000004, 0.000018, 
trial0013436, ZIC, 156, 16, 9.750000, 0.562500, 0.000018, 0.000007, 0.000011, ZIP, 1241, 24, 51.708333, 3.541667, 0.000024, 0.000005, 0.000020, 
trial0013437, ZIC, 40, 16, 2.500000, 0.375000, 0.000017, 0.000007, 0.000010, ZIP, 1159, 24, 48.291667, 2.833333, 0.000024, 0.000005, 0.000020, 
trial0013438, ZIC, 324, 16, 20.250000, 1.125000, 0.000019, 0.000007, 0.000011, ZIP, 837, 24, 34.875000, 2.916667, 0.000026, 0.000004, 0.000021, 
trial0013439, ZIC, 114, 16, 7.125000, 0.500000, 0.000017, 0.000007, 0.000010, ZIP, 824, 24, 34.333333, 2.750000, 0.000022, 0.000004, 0.000017, 
trial0013440, ZIC, 248, 16, 15.500000, 1.125000, 0.000014, 0.000006, 0.000008, ZIP, 556, 24, 23.166667, 1.500000, 0.000020, 0.000005, 0.000016, 
trial0013441, ZIC, 168, 16, 10.500000, 0.687500, 0.000016, 0.000007, 0.000009, ZIP, 948, 24, 39.500000, 2.791667, 0.000024, 0.000005, 0.000019, 
trial0013442, ZIC, 53, 16, 3.312500, 0.375000, 0.000017, 0.000007, 0.000010, ZIP, 1230, 24, 51.250000, 3.208333, 0.000027, 0.000005, 0.000022, 
trial0013443, ZIC, 38, 16, 2.375000, 0.250000, 0.000016, 0.000006, 0.000009, ZIP, 972, 24, 40.500000, 3.166667, 0.000024, 0.000005, 0.000020, 
trial0013444, ZIC, 187, 16, 11.687500, 0.687500, 0.000015, 0.000007, 0.000008, ZIP, 791, 24, 32.958333, 2.208333, 0.000023, 0.000005, 0.000018, 
trial0013445, ZIC, 178, 16, 11.125000, 1.062500, 0.000015, 0.000006, 0.000009, ZIP, 713, 24, 29.708333, 2.458333, 0.000023, 0.000005, 0.000019, 
trial0013446, ZIC, 319, 16, 19.937500, 0.937500, 0.000018, 0.000007, 0.000011, ZIP, 605, 24, 25.208333, 2.375000, 0.000023, 0.000005, 0.000018, 
trial0013447, ZIC, 482, 16, 30.125000, 1.062500, 0.000019, 0.000007, 0.000011, ZIP, 654, 24, 27.250000, 2.541667, 0.000022, 0.000004, 0.000018, 
trial0013448, ZIC, 180, 16, 11.250000, 0.812500, 0.000016, 0.000007, 0.000009, ZIP, 676, 24, 28.166667, 2.375000, 0.000023, 0.000005, 0.000019, 
trial0013449, ZIC, 84, 16, 5.250000, 0.500000, 0.000018, 0.000007, 0.000011, ZIP, 1260, 24, 52.500000, 3.750000, 0.000027, 0.000005, 0.000023, 
trial0013450, ZIC, 69, 16, 4.312500, 0.312500, 0.000019, 0.000007, 0.000012, ZIP, 1180, 24, 49.166667, 3.375000, 0.000024, 0.000005, 0.000020, 
trial0013451, ZIC, 128, 16, 8.000000, 0.500000, 0.000016, 0.000007, 0.000009, ZIP, 747, 24, 31.125000, 1.916667, 0.000021, 0.000005, 0.000017, 
trial0013452, ZIC, 256, 16, 16.000000, 1.000000, 0.000019, 0.000007, 0.000011, ZIP, 771, 24, 32.125000, 2.416667, 0.000023, 0.000004, 0.000019, 
trial0013453, ZIC, 122, 16, 7.625000, 0.437500, 0.000018, 0.000007, 0.000011, ZIP, 886, 24, 36.916667, 2.958333, 0.000023, 0.000005, 0.000018, 
trial0013454, ZIC, 273, 16, 17.062500, 1.000000, 0.000020, 0.000007, 0.000012, ZIP, 791, 24, 32.958333, 2.833333, 0.000026, 0.000004, 0.000021, 
trial0013455, ZIC, 338, 16, 21.125000, 1.000000, 0.000020, 0.000008, 0.000013, ZIP, 1006, 24, 41.916667, 2.833333, 0.000026, 0.000005, 0.000022, 
trial0013456, ZIC, 261, 16, 16.312500, 1.125000, 0.000020, 0.000008, 0.000012, ZIP, 643, 24, 26.791667, 2.333333, 0.000025, 0.000005, 0.000020, 
trial0013457, ZIC, 170, 16, 10.625000, 0.625000, 0.000018, 0.000007, 0.000011, ZIP, 1135, 24, 47.291667, 3.083333, 0.000029, 0.000005, 0.000024, 
trial0013458, ZIC, 346, 16, 21.625000, 1.125000, 0.000021, 0.000008, 0.000013, ZIP, 812, 24, 33.833333, 2.750000, 0.000026, 0.000005, 0.000022, 
trial0013459, ZIC, 120, 16, 7.500000, 0.687500, 0.000018, 0.000007, 0.000011, ZIP, 846, 24, 35.250000, 2.625000, 0.000023, 0.000005, 0.000018, 
trial0013460, ZIC, 122, 16, 7.625000, 0.437500, 0.000016, 0.000007, 0.000009, ZIP, 874, 24, 36.416667, 2.375000, 0.000024, 0.000005, 0.000019, 
trial0013461, ZIC, 322, 16, 20.125000, 1.250000, 0.000017, 0.000007, 0.000010, ZIP, 603, 24, 25.125000, 2.416667, 0.000026, 0.000005, 0.000021, 
trial0013462, ZIC, 85, 16, 5.312500, 0.375000, 0.000019, 0.000008, 0.000011, ZIP, 822, 24, 34.250000, 2.583333, 0.000023, 0.000005, 0.000019, 
trial0013463, ZIC, 161, 16, 10.062500, 1.000000, 0.000017, 0.000007, 0.000010, ZIP, 675, 24, 28.125000, 2.333333, 0.000025, 0.000005, 0.000020, 
trial0013464, ZIC, 66, 16, 4.125000, 0.437500, 0.000015, 0.000007, 0.000008, ZIP, 672, 24, 28.000000, 1.375000, 0.000020, 0.000005, 0.000015, 
trial0013465, ZIC, 202, 16, 12.625000, 0.687500, 0.000020, 0.000008, 0.000011, ZIP, 806, 24, 33.583333, 2.291667, 0.000024, 0.000005, 0.000018, 
trial0013466, ZIC, 136, 16, 8.500000, 0.625000, 0.000021, 0.000008, 0.000013, ZIP, 1274, 24, 53.083333, 3.250000, 0.000026, 0.000005, 0.000022, 
trial0013467, ZIC, 352, 16, 22.000000, 1.000000, 0.000018, 0.000007, 0.000011, ZIP, 911, 24, 37.958333, 3.083333, 0.000028, 0.000005, 0.000022, 
trial0013468, ZIC, 372, 16, 23.250000, 1.125000, 0.000021, 0.000008, 0.000013, ZIP, 723, 24, 30.125000, 2.750000, 0.000026, 0.000005, 0.000021, 
trial0013469, ZIC, 119, 16, 7.437500, 0.500000, 0.000020, 0.000008, 0.000012, ZIP, 1065, 24, 44.375000, 3.083333, 0.000026, 0.000005, 0.000021, 
trial0013470, ZIC, 141, 16, 8.812500, 0.625000, 0.000018, 0.000007, 0.000010, ZIP, 916, 24, 38.166667, 2.583333, 0.000028, 0.000005, 0.000023, 
trial0013471, ZIC, 111, 16, 6.937500, 0.437500, 0.000019, 0.000008, 0.000011, ZIP, 991, 24, 41.291667, 2.875000, 0.000027, 0.000005, 0.000022, 
trial0013472, ZIC, 119, 16, 7.437500, 0.437500, 0.000018, 0.000008, 0.000010, ZIP, 443, 24, 18.458333, 1.375000, 0.000020, 0.000005, 0.000015, 
trial0013473, ZIC, 294, 16, 18.375000, 1.000000, 0.000015, 0.000007, 0.000009, ZIP, 463, 24, 19.291667, 1.333333, 0.000020, 0.000005, 0.000016, 
trial0013474, ZIC, 169, 16, 10.562500, 0.562500, 0.000018, 0.000007, 0.000011, ZIP, 875, 24, 36.458333, 3.208333, 0.000027, 0.000005, 0.000022, 
trial0013475, ZIC, 122, 16, 7.625000, 0.750000, 0.000018, 0.000008, 0.000010, ZIP, 587, 24, 24.458333, 1.750000, 0.000021, 0.000005, 0.000016, 
trial0013476, ZIC, 196, 16, 12.250000, 0.687500, 0.000019, 0.000008, 0.000011, ZIP, 875, 24, 36.458333, 2.041667, 0.000023, 0.000005, 0.000018, 
trial0013477, ZIC, 322, 16, 20.125000, 1.250000, 0.000017, 0.000007, 0.000010, ZIP, 557, 24, 23.208333, 1.750000, 0.000022, 0.000005, 0.000017, 
trial0013478, ZIC, 171, 16, 10.687500, 0.562500, 0.000017, 0.000007, 0.000010, ZIP, 1216, 24, 50.666667, 3.708333, 0.000027, 0.000005, 0.000022, 
trial0013479, ZIC, 126, 16, 7.875000, 0.625000, 0.000019, 0.000007, 0.000011, ZIP, 1088, 24, 45.333333, 3.333333, 0.000025, 0.000005, 0.000020, 
trial0013480, ZIC, 179, 16, 11.187500, 0.937500, 0.000015, 0.000007, 0.000008, ZIP, 461, 24, 19.208333, 1.708333, 0.000021, 0.000005, 0.000016, 
trial0013481, ZIC, 81, 16, 5.062500, 0.500000, 0.000018, 0.000007, 0.000011, ZIP, 1243, 24, 51.791667, 3.583333, 0.000028, 0.000005, 0.000024, 
trial0013482, ZIC, 231, 16, 14.437500, 0.875000, 0.000018, 0.000007, 0.000011, ZIP, 738, 24, 30.750000, 2.583333, 0.000023, 0.000005, 0.000019, 
trial0013483, ZIC, 181, 16, 11.312500, 0.750000, 0.000017, 0.000007, 0.000009, ZIP, 541, 24, 22.541667, 1.666667, 0.000021, 0.000005, 0.000016, 
trial0013484, ZIC, 164, 16, 10.250000, 0.812500, 0.000019, 0.000007, 0.000011, ZIP, 869, 24, 36.208333, 2.375000, 0.000024, 0.000005, 0.000019, 
trial0013485, ZIC, 191, 16, 11.937500, 0.562500, 0.000019, 0.000008, 0.000011, ZIP, 695, 24, 28.958333, 2.291667, 0.000022, 0.000005, 0.000017, 
trial0013486, ZIC, 174, 16, 10.875000, 0.625000, 0.000018, 0.000007, 0.000011, ZIP, 789, 24, 32.875000, 2.750000, 0.000026, 0.000005, 0.000021, 
trial0013487, ZIC, 20, 16, 1.250000, 0.125000, 0.000020, 0.000008, 0.000012, ZIP, 969, 24, 40.375000, 2.916667, 0.000023, 0.000005, 0.000019, 
trial0013488, ZIC, 173, 16, 10.812500, 0.562500, 0.000018, 0.000007, 0.000011, ZIP, 1023, 24, 42.625000, 3.291667, 0.000027, 0.000005, 0.000022, 
trial0013489, ZIC, 106, 16, 6.625000, 0.562500, 0.000016, 0.000007, 0.000009, ZIP, 813, 24, 33.875000, 2.375000, 0.000022, 0.000004, 0.000018, 
trial0013490, ZIC, 168, 16, 10.500000, 0.687500, 0.000018, 0.000008, 0.000011, ZIP, 875, 24, 36.458333, 2.041667, 0.000021, 0.000005, 0.000016, 
trial0013491, ZIC, 182, 16, 11.375000, 0.500000, 0.000019, 0.000008, 0.000012, ZIP, 1018, 24, 42.416667, 3.333333, 0.000026, 0.000005, 0.000021, 
trial0013492, ZIC, 139, 16, 8.687500, 0.562500, 0.000016, 0.000007, 0.000009, ZIP, 670, 24, 27.916667, 1.958333, 0.000020, 0.000004, 0.000015, 
trial0013493, ZIC, 199, 16, 12.437500, 0.750000, 0.000015, 0.000007, 0.000009, ZIP, 715, 24, 29.791667, 2.583333, 0.000023, 0.000005, 0.000018, 
trial0013494, ZIC, 251, 16, 15.687500, 0.812500, 0.000015, 0.000007, 0.000008, ZIP, 686, 24, 28.583333, 2.125000, 0.000022, 0.000005, 0.000017, 
trial0013495, ZIC, 118, 16, 7.375000, 0.375000, 0.000017, 0.000007, 0.000010, ZIP, 834, 24, 34.750000, 2.500000, 0.000020, 0.000004, 0.000016, 
trial0013496, ZIC, 221, 16, 13.812500, 0.875000, 0.000018, 0.000007, 0.000011, ZIP, 937, 24, 39.041667, 2.750000, 0.000023, 0.000004, 0.000018, 
trial0013497, ZIC, 225, 16, 14.062500, 0.937500, 0.000018, 0.000007, 0.000011, ZIP, 1018, 24, 42.416667, 3.041667, 0.000023, 0.000004, 0.000019, 
trial0013498, ZIC, 86, 16, 5.375000, 0.437500, 0.000016, 0.000007, 0.000009, ZIP, 883, 24, 36.791667, 2.708333, 0.000023, 0.000005, 0.000019, 
trial0013499, ZIC, 263, 16, 16.437500, 0.937500, 0.000017, 0.000007, 0.000010, ZIP, 762, 24, 31.750000, 2.375000, 0.000025, 0.000005, 0.000020, 
trial0013500, ZIC, 137, 16, 8.562500, 0.500000, 0.000014, 0.000007, 0.000008, ZIP, 725, 24, 30.208333, 2.000000, 0.000021, 0.000005, 0.000017, 
