trial0002001, ZIC, 921, 6, 153.500000, 5.500000, 0.000089, 0.000326, ZIP, 6411, 34, 188.558824, 4.147059, 0.000045, 0.000928, 
trial0002002, ZIC, 1262, 6, 210.333333, 5.500000, 0.000051, 0.000520, ZIP, 6474, 34, 190.411765, 4.088235, 0.000045, 0.000917, 
trial0002003, ZIC, 4536, 6, 756.000000, 15.000000, 0.000110, 0.000975, ZIP, 7519, 34, 221.147059, 5.352941, 0.000077, 0.000829, 
trial0002004, ZIC, 3067, 6, 511.166667, 8.833333, 0.000039, 0.001249, ZIP, 5359, 34, 157.617647, 4.029412, 0.000072, 0.000898, 
trial0002005, ZIC, 1792, 6, 298.666667, 9.333333, 0.000105, 0.000492, ZIP, 7451, 34, 219.147059, 5.000000, 0.000069, 0.000963, 
trial0002006, ZIC, 2301, 6, 383.500000, 8.833333, 0.000149, 0.000558, ZIP, 4981, 34, 146.500000, 3.500000, 0.000068, 0.000889, 
trial0002007, ZIC, 2169, 6, 361.500000, 8.000000, 0.000088, 0.000684, ZIP, 5493, 34, 161.558824, 3.882353, 0.000056, 0.000909, 
trial0002008, ZIC, 1562, 6, 260.333333, 5.333333, 0.000071, 0.001091, ZIP, 6846, 34, 201.352941, 4.411765, 0.000046, 0.000983, 
trial0002009, ZIC, 2215, 6, 369.166667, 7.333333, 0.000313, 0.000962, ZIP, 5407, 34, 159.029412, 3.647059, 0.000035, 0.000903, 
trial0002010, ZIC, 739, 6, 123.166667, 4.500000, 0.000051, 0.000499, ZIP, 5364, 34, 157.764706, 3.323529, 0.000062, 0.000900, 
trial0002011, ZIC, 2107, 6, 351.166667, 9.166667, 0.000044, 0.000941, ZIP, 5788, 34, 170.235294, 3.617647, 0.000051, 0.000874, 
trial0002012, ZIC, 2045, 6, 340.833333, 11.833333, 0.000075, 0.000906, ZIP, 6901, 34, 202.970588, 4.500000, 0.000049, 0.000958, 
trial0002013, ZIC, 2249, 6, 374.833333, 8.500000, 0.000061, 0.000981, ZIP, 8389, 34, 246.735294, 5.676471, 0.000048, 0.000991, 
trial0002014, ZIC, 1420, 6, 236.666667, 9.333333, 0.000058, 0.000425, ZIP, 5825, 34, 171.323529, 3.705882, 0.000046, 0.000906, 
trial0002015, ZIC, 379, 6, 63.166667, 4.333333, 0.000130, 0.000664, ZIP, 6424, 34, 188.941176, 4.058824, 0.000051, 0.000945, 
trial0002016, ZIC, 3206, 6, 534.333333, 9.666667, 0.000043, 0.000761, ZIP, 7099, 34, 208.794118, 5.058824, 0.000039, 0.001071, 
trial0002017, ZIC, 3298, 6, 549.666667, 9.666667, 0.000038, 0.001003, ZIP, 6653, 34, 195.676471, 5.117647, 0.000038, 0.000916, 
trial0002018, ZIC, 511, 6, 85.166667, 4.000000, 0.000077, 0.000673, ZIP, 5918, 34, 174.058824, 4.058824, 0.000046, 0.000991, 
trial0002019, ZIC, 1589, 6, 264.833333, 4.833333, 0.000052, 0.000395, ZIP, 3681, 34, 108.264706, 2.617647, 0.000051, 0.000892, 
trial0002020, ZIC, 3394, 6, 565.666667, 11.333333, 0.000018, 0.000604, ZIP, 7037, 34, 206.970588, 4.941176, 0.000054, 0.000896, 
trial0002021, ZIC, 1048, 6, 174.666667, 5.000000, 0.000027, 0.000137, ZIP, 5605, 34, 164.852941, 3.647059, 0.000011, 0.000263, 
trial0002022, ZIC, 3216, 6, 536.000000, 11.166667, 0.000006, 0.000091, ZIP, 6655, 34, 195.735294, 4.970588, 0.000005, 0.000088, 
trial0002023, ZIC, 2695, 6, 449.166667, 9.666667, 0.000006, 0.000106, ZIP, 7199, 34, 211.735294, 5.117647, 0.000006, 0.000135, 
trial0002024, ZIC, 2015, 6, 335.833333, 8.166667, 0.000006, 0.000116, ZIP, 5959, 34, 175.264706, 3.970588, 0.000013, 0.000185, 
trial0002025, ZIC, 1508, 6, 251.333333, 3.166667, 0.000086, 0.000403, ZIP, 2910, 34, 85.588235, 2.088235, 0.000070, 0.000841, 
trial0002026, ZIC, 1823, 6, 303.833333, 5.166667, 0.000029, 0.000911, ZIP, 6002, 34, 176.529412, 3.911765, 0.000045, 0.000921, 
trial0002027, ZIC, 2516, 6, 419.333333, 9.000000, 0.000029, 0.000652, ZIP, 7689, 34, 226.147059, 5.235294, 0.000035, 0.000950, 
trial0002028, ZIC, 1416, 6, 236.000000, 5.166667, 0.000096, 0.000333, ZIP, 6874, 34, 202.176471, 5.088235, 0.000062, 0.000949, 
trial0002029, ZIC, 1388, 6, 231.333333, 5.666667, 0.000062, 0.000586, ZIP, 6348, 34, 186.705882, 4.235294, 0.000036, 0.000981, 
trial0002030, ZIC, 1884, 6, 314.000000, 8.833333, 0.000007, 0.000724, ZIP, 7106, 34, 209.000000, 4.970588, 0.000062, 0.000967, 
trial0002031, ZIC, 1473, 6, 245.500000, 3.166667, 0.000029, 0.000333, ZIP, 4507, 34, 132.558824, 3.323529, 0.000063, 0.000952, 
trial0002032, ZIC, 1019, 6, 169.833333, 5.166667, 0.000114, 0.000389, ZIP, 5341, 34, 157.088235, 3.500000, 0.000049, 0.000914, 
trial0002033, ZIC, 2177, 6, 362.833333, 6.333333, 0.000039, 0.000582, ZIP, 7464, 34, 219.529412, 5.352941, 0.000053, 0.001037, 
trial0002034, ZIC, 1608, 6, 268.000000, 6.333333, 0.000090, 0.000507, ZIP, 5084, 34, 149.529412, 3.176471, 0.000053, 0.000940, 
trial0002035, ZIC, 1964, 6, 327.333333, 9.333333, 0.000071, 0.000458, ZIP, 6040, 34, 177.647059, 3.823529, 0.000063, 0.000870, 
trial0002036, ZIC, 2122, 6, 353.666667, 6.000000, 0.000085, 0.001147, ZIP, 4495, 34, 132.205882, 3.176471, 0.000035, 0.000888, 
trial0002037, ZIC, 1247, 6, 207.833333, 5.666667, 0.000060, 0.000735, ZIP, 6324, 34, 186.000000, 4.647059, 0.000064, 0.000876, 
trial0002038, ZIC, 2328, 6, 388.000000, 8.500000, 0.000149, 0.001570, ZIP, 6620, 34, 194.705882, 4.441176, 0.000047, 0.000956, 
trial0002039, ZIC, 1520, 6, 253.333333, 6.833333, 0.000084, 0.000576, ZIP, 7239, 34, 212.911765, 5.029412, 0.000043, 0.000899, 
trial0002040, ZIC, 3991, 6, 665.166667, 12.500000, 0.000050, 0.000345, ZIP, 5689, 34, 167.323529, 4.205882, 0.000058, 0.000919, 
trial0002041, ZIC, 2446, 6, 407.666667, 7.333333, 0.000045, 0.000753, ZIP, 4624, 34, 136.000000, 3.176471, 0.000038, 0.000834, 
trial0002042, ZIC, 557, 6, 92.833333, 2.500000, 0.000069, 0.000508, ZIP, 2489, 34, 73.205882, 1.794118, 0.000049, 0.000953, 
trial0002043, ZIC, 2359, 6, 393.166667, 8.833333, 0.000039, 0.001116, ZIP, 4860, 34, 142.941176, 3.264706, 0.000051, 0.000883, 
trial0002044, ZIC, 2341, 6, 390.166667, 6.666667, 0.000170, 0.000903, ZIP, 7053, 34, 207.441176, 4.882353, 0.000055, 0.000981, 
trial0002045, ZIC, 3167, 6, 527.833333, 8.333333, 0.000035, 0.000637, ZIP, 5020, 34, 147.647059, 3.647059, 0.000064, 0.000901, 
trial0002046, ZIC, 1918, 6, 319.666667, 6.333333, 0.000063, 0.001172, ZIP, 6149, 34, 180.852941, 4.294118, 0.000051, 0.000924, 
trial0002047, ZIC, 1236, 6, 206.000000, 7.833333, 0.000085, 0.000686, ZIP, 8480, 34, 249.411765, 5.617647, 0.000049, 0.000950, 
trial0002048, ZIC, 1533, 6, 255.500000, 4.666667, 0.000064, 0.000395, ZIP, 5141, 34, 151.205882, 3.529412, 0.000051, 0.000971, 
trial0002049, ZIC, 30, 6, 5.000000, 0.333333, 0.000050, 0.000277, ZIP, 3798, 34, 111.705882, 2.411765, 0.000054, 0.000920, 
trial0002050, ZIC, 3451, 6, 575.166667, 8.666667, 0.000054, 0.001164, ZIP, 4532, 34, 133.294118, 3.058824, 0.000037, 0.000928, 
trial0002051, ZIC, 3625, 6, 604.166667, 8.833333, 0.000029, 0.002139, ZIP, 5985, 34, 176.029412, 4.794118, 0.000039, 0.000927, 
trial0002052, ZIC, 2207, 6, 367.833333, 8.833333, 0.000048, 0.001042, ZIP, 6595, 34, 193.970588, 4.500000, 0.000044, 0.000902, 
trial0002053, ZIC, 1267, 6, 211.166667, 4.833333, 0.000080, 0.000797, ZIP, 6997, 34, 205.794118, 4.735294, 0.000051, 0.000904, 
trial0002054, ZIC, 1994, 6, 332.333333, 9.000000, 0.000075, 0.000239, ZIP, 6568, 34, 193.176471, 4.294118, 0.000045, 0.000527, 
trial0002055, ZIC, 2446, 6, 407.666667, 10.833333, 0.000006, 0.000086, ZIP, 8007, 34, 235.500000, 5.147059, 0.000005, 0.000088, 
trial0002056, ZIC, 1104, 6, 184.000000, 3.333333, 0.000006, 0.000083, ZIP, 5569, 34, 163.794118, 3.823529, 0.000007, 0.000108, 
trial0002057, ZIC, 1446, 6, 241.000000, 5.500000, 0.000013, 0.000177, ZIP, 3910, 34, 115.000000, 2.794118, 0.000010, 0.000161, 
trial0002058, ZIC, 1987, 6, 331.166667, 8.333333, 0.000062, 0.001018, ZIP, 6727, 34, 197.852941, 4.470588, 0.000068, 0.000757, 
trial0002059, ZIC, 1881, 6, 313.500000, 8.500000, 0.000087, 0.000636, ZIP, 6808, 34, 200.235294, 4.617647, 0.000045, 0.000964, 
trial0002060, ZIC, 4159, 6, 693.166667, 14.000000, 0.000098, 0.002139, ZIP, 5694, 34, 167.470588, 4.235294, 0.000044, 0.000860, 
trial0002061, ZIC, 3430, 6, 571.666667, 12.333333, 0.000019, 0.001023, ZIP, 6676, 34, 196.352941, 4.529412, 0.000047, 0.000915, 
trial0002062, ZIC, 3006, 6, 501.000000, 10.666667, 0.000018, 0.000725, ZIP, 6828, 34, 200.823529, 4.705882, 0.000058, 0.000954, 
trial0002063, ZIC, 2947, 6, 491.166667, 9.000000, 0.000041, 0.002153, ZIP, 7095, 34, 208.676471, 5.176471, 0.000035, 0.001014, 
trial0002064, ZIC, 1751, 6, 291.833333, 7.500000, 0.000068, 0.000419, ZIP, 7035, 34, 206.911765, 4.676471, 0.000065, 0.000942, 
trial0002065, ZIC, 2062, 6, 343.666667, 5.500000, 0.000039, 0.001073, ZIP, 5151, 34, 151.500000, 3.676471, 0.000035, 0.000945, 
trial0002066, ZIC, 1943, 6, 323.833333, 5.833333, 0.000093, 0.000546, ZIP, 5620, 34, 165.294118, 3.911765, 0.000056, 0.000881, 
trial0002067, ZIC, 287, 6, 47.833333, 1.666667, 0.000029, 0.000345, ZIP, 3347, 34, 98.441176, 2.117647, 0.000056, 0.000933, 
trial0002068, ZIC, 2915, 6, 485.833333, 8.833333, 0.000067, 0.000923, ZIP, 7718, 34, 227.000000, 5.617647, 0.000043, 0.000978, 
trial0002069, ZIC, 3083, 6, 513.833333, 9.833333, 0.000060, 0.001451, ZIP, 7001, 34, 205.911765, 4.852941, 0.000051, 0.000906, 
trial0002070, ZIC, 1883, 6, 313.833333, 9.000000, 0.000029, 0.000615, ZIP, 6971, 34, 205.029412, 4.705882, 0.000058, 0.000949, 
trial0002071, ZIC, 856, 6, 142.666667, 3.500000, 0.000070, 0.000293, ZIP, 6750, 34, 198.529412, 4.382353, 0.000045, 0.000933, 
trial0002072, ZIC, 76, 6, 12.666667, 0.833333, 0.000064, 0.000303, ZIP, 2700, 34, 79.411765, 1.794118, 0.000055, 0.000896, 
trial0002073, ZIC, 3077, 6, 512.833333, 10.666667, 0.000052, 0.001105, ZIP, 6556, 34, 192.823529, 4.294118, 0.000052, 0.000859, 
trial0002074, ZIC, 1390, 6, 231.666667, 8.166667, 0.000023, 0.000870, ZIP, 7766, 34, 228.411765, 5.088235, 0.000046, 0.000923, 
trial0002075, ZIC, 3587, 6, 597.833333, 12.666667, 0.000028, 0.001362, ZIP, 6992, 34, 205.647059, 4.941176, 0.000050, 0.000964, 
trial0002076, ZIC, 1381, 6, 230.166667, 7.000000, 0.000084, 0.000539, ZIP, 7720, 34, 227.058824, 4.941176, 0.000046, 0.000935, 
trial0002077, ZIC, 391, 6, 65.166667, 4.333333, 0.000052, 0.000333, ZIP, 6478, 34, 190.529412, 4.176471, 0.000053, 0.000938, 
trial0002078, ZIC, 1548, 6, 258.000000, 5.833333, 0.000038, 0.000569, ZIP, 7130, 34, 209.705882, 4.852941, 0.000061, 0.000909, 
trial0002079, ZIC, 3686, 6, 614.333333, 11.166667, 0.000104, 0.000844, ZIP, 6521, 34, 191.794118, 4.441176, 0.000047, 0.000951, 
trial0002080, ZIC, 2089, 6, 348.166667, 6.333333, 0.000059, 0.001263, ZIP, 6239, 34, 183.500000, 4.117647, 0.000039, 0.000934, 
trial0002081, ZIC, 2463, 6, 410.500000, 11.833333, 0.000089, 0.000913, ZIP, 6302, 34, 185.352941, 4.617647, 0.000036, 0.000911, 
trial0002082, ZIC, 2294, 6, 382.333333, 8.333333, 0.000095, 0.000589, ZIP, 6096, 34, 179.294118, 4.058824, 0.000044, 0.000924, 
trial0002083, ZIC, 439, 6, 73.166667, 3.166667, 0.000029, 0.000280, ZIP, 4244, 34, 124.823529, 3.029412, 0.000045, 0.000898, 
trial0002084, ZIC, 3, 6, 0.500000, 0.166667, 0.000091, 0.000292, ZIP, 3141, 34, 92.382353, 2.147059, 0.000044, 0.000898, 
trial0002085, ZIC, 1561, 6, 260.166667, 6.833333, 0.000113, 0.001190, ZIP, 4952, 34, 145.647059, 3.617647, 0.000057, 0.000921, 
trial0002086, ZIC, 4430, 6, 738.333333, 12.166667, 0.000007, 0.001450, ZIP, 6460, 34, 190.000000, 5.029412, 0.000042, 0.000900, 
trial0002087, ZIC, 1856, 6, 309.333333, 5.500000, 0.000069, 0.000556, ZIP, 5533, 34, 162.735294, 3.911765, 0.000054, 0.000925, 
trial0002088, ZIC, 919, 6, 153.166667, 3.000000, 0.000006, 0.000158, ZIP, 4612, 34, 135.647059, 3.235294, 0.000011, 0.000326, 
trial0002089, ZIC, 2466, 6, 411.000000, 11.333333, 0.000006, 0.000070, ZIP, 9119, 34, 268.205882, 5.764706, 0.000005, 0.000095, 
trial0002090, ZIC, 844, 6, 140.666667, 5.666667, 0.000009, 0.000072, ZIP, 5069, 34, 149.088235, 3.235294, 0.000007, 0.000118, 
trial0002091, ZIC, 1565, 6, 260.833333, 10.000000, 0.000014, 0.000120, ZIP, 7911, 34, 232.676471, 4.941176, 0.000011, 0.000185, 
trial0002092, ZIC, 1866, 6, 311.000000, 9.500000, 0.000048, 0.000478, ZIP, 6911, 34, 203.264706, 4.676471, 0.000052, 0.000879, 
trial0002093, ZIC, 1553, 6, 258.833333, 8.000000, 0.000042, 0.000536, ZIP, 6741, 34, 198.264706, 4.411765, 0.000053, 0.000884, 
trial0002094, ZIC, 614, 6, 102.333333, 7.333333, 0.000082, 0.000383, ZIP, 9017, 34, 265.205882, 5.529412, 0.000051, 0.001014, 
trial0002095, ZIC, 373, 6, 62.166667, 6.666667, 0.000098, 0.000461, ZIP, 5339, 34, 157.029412, 3.294118, 0.000039, 0.000862, 
trial0002096, ZIC, 1310, 6, 218.333333, 4.166667, 0.000052, 0.001102, ZIP, 7647, 34, 224.911765, 4.911765, 0.000061, 0.001025, 
trial0002097, ZIC, 1527, 6, 254.500000, 6.166667, 0.000252, 0.000743, ZIP, 5771, 34, 169.735294, 3.852941, 0.000054, 0.000913, 
trial0002098, ZIC, 1351, 6, 225.166667, 4.666667, 0.000120, 0.000401, ZIP, 6601, 34, 194.147059, 4.470588, 0.000059, 0.000939, 
trial0002099, ZIC, 2466, 6, 411.000000, 9.166667, 0.000042, 0.000750, ZIP, 6935, 34, 203.970588, 4.852941, 0.000053, 0.000936, 
trial0002100, ZIC, 2038, 6, 339.666667, 6.333333, 0.000029, 0.000766, ZIP, 7352, 34, 216.235294, 5.058824, 0.000025, 0.001092, 
trial0002101, ZIC, 1987, 6, 331.166667, 5.166667, 0.000050, 0.002284, ZIP, 5359, 34, 157.617647, 3.676471, 0.000048, 0.000877, 
trial0002102, ZIC, 2286, 6, 381.000000, 7.166667, 0.000038, 0.000889, ZIP, 3674, 34, 108.058824, 2.323529, 0.000067, 0.000832, 
trial0002103, ZIC, 3395, 6, 565.833333, 8.833333, 0.000102, 0.000832, ZIP, 5652, 34, 166.235294, 3.852941, 0.000064, 0.000973, 
trial0002104, ZIC, 1379, 6, 229.833333, 3.333333, 0.000018, 0.001022, ZIP, 5480, 34, 161.176471, 3.705882, 0.000050, 0.000948, 
trial0002105, ZIC, 4423, 6, 737.166667, 14.500000, 0.000038, 0.001615, ZIP, 6431, 34, 189.147059, 4.441176, 0.000045, 0.000927, 
trial0002106, ZIC, 1481, 6, 246.833333, 5.000000, 0.000086, 0.000438, ZIP, 6758, 34, 198.764706, 4.117647, 0.000050, 0.000927, 
trial0002107, ZIC, 2350, 6, 391.666667, 7.333333, 0.000061, 0.000901, ZIP, 6205, 34, 182.500000, 4.352941, 0.000041, 0.000924, 
trial0002108, ZIC, 2219, 6, 369.833333, 8.666667, 0.000100, 0.000893, ZIP, 7392, 34, 217.411765, 4.764706, 0.000040, 0.000945, 
trial0002109, ZIC, 506, 6, 84.333333, 2.166667, 0.000101, 0.000449, ZIP, 2181, 34, 64.147059, 1.441176, 0.000031, 0.000873, 
trial0002110, ZIC, 5479, 6, 913.166667, 14.666667, 0.000032, 0.002678, ZIP, 6638, 34, 195.235294, 4.764706, 0.000048, 0.000889, 
trial0002111, ZIC, 1356, 6, 226.000000, 7.666667, 0.000098, 0.001243, ZIP, 7023, 34, 206.558824, 4.117647, 0.000067, 0.001012, 
trial0002112, ZIC, 2394, 6, 399.000000, 9.166667, 0.000079, 0.001044, ZIP, 9053, 34, 266.264706, 5.617647, 0.000045, 0.001029, 
trial0002113, ZIC, 3524, 6, 587.333333, 11.000000, 0.000391, 0.000710, ZIP, 7113, 34, 209.205882, 4.647059, 0.000054, 0.000940, 
trial0002114, ZIC, 2213, 6, 368.833333, 12.166667, 0.000022, 0.000757, ZIP, 7531, 34, 221.500000, 4.382353, 0.000049, 0.000904, 
trial0002115, ZIC, 2012, 6, 335.333333, 9.833333, 0.000056, 0.000604, ZIP, 9590, 34, 282.058824, 6.088235, 0.000045, 0.000915, 
trial0002116, ZIC, 2650, 6, 441.666667, 10.166667, 0.000007, 0.000662, ZIP, 6540, 34, 192.352941, 4.088235, 0.000040, 0.000962, 
trial0002117, ZIC, 2438, 6, 406.333333, 9.333333, 0.000162, 0.001092, ZIP, 5186, 34, 152.529412, 3.176471, 0.000055, 0.000924, 
trial0002118, ZIC, 3677, 6, 612.833333, 11.500000, 0.000051, 0.001378, ZIP, 6577, 34, 193.441176, 4.029412, 0.000058, 0.000947, 
trial0002119, ZIC, 339, 6, 56.500000, 2.166667, 0.000047, 0.000392, ZIP, 3666, 34, 107.823529, 2.441176, 0.000059, 0.000878, 
trial0002120, ZIC, 3880, 6, 646.666667, 11.500000, 0.000052, 0.001113, ZIP, 7313, 34, 215.088235, 4.852941, 0.000063, 0.000841, 
trial0002121, ZIC, 2663, 6, 443.833333, 5.833333, 0.000135, 0.000466, ZIP, 3614, 34, 106.294118, 2.264706, 0.000048, 0.000891, 
trial0002122, ZIC, 2196, 6, 366.000000, 8.833333, 0.000017, 0.000127, ZIP, 6601, 34, 194.147059, 3.911765, 0.000013, 0.000170, 
trial0002123, ZIC, 3075, 6, 512.500000, 9.500000, 0.000006, 0.000145, ZIP, 5454, 34, 160.411765, 3.382353, 0.000005, 0.000086, 
trial0002124, ZIC, 195, 6, 32.500000, 3.500000, 0.000006, 0.000062, ZIP, 7099, 34, 208.794118, 4.205882, 0.000006, 0.000129, 
trial0002125, ZIC, 2206, 6, 367.666667, 9.333333, 0.000010, 0.000714, ZIP, 6158, 34, 181.117647, 4.235294, 0.000021, 0.000278, 
trial0002126, ZIC, 2050, 6, 341.666667, 7.500000, 0.000060, 0.000826, ZIP, 5088, 34, 149.647059, 3.147059, 0.000049, 0.000903, 
trial0002127, ZIC, 922, 6, 153.666667, 5.666667, 0.000082, 0.000678, ZIP, 5741, 34, 168.852941, 3.352941, 0.000025, 0.000944, 
trial0002128, ZIC, 3053, 6, 508.833333, 7.000000, 0.000058, 0.000748, ZIP, 6309, 34, 185.558824, 4.000000, 0.000061, 0.000946, 
trial0002129, ZIC, 3431, 6, 571.833333, 10.333333, 0.000018, 0.000860, ZIP, 7240, 34, 212.941176, 5.000000, 0.000042, 0.000973, 
trial0002130, ZIC, 1054, 6, 175.666667, 8.500000, 0.000065, 0.000696, ZIP, 7248, 34, 213.176471, 4.323529, 0.000049, 0.000935, 
trial0002131, ZIC, 1937, 6, 322.833333, 9.500000, 0.000087, 0.000695, ZIP, 7025, 34, 206.617647, 4.205882, 0.000052, 0.000842, 
trial0002132, ZIC, 3646, 6, 607.666667, 9.500000, 0.000038, 0.001223, ZIP, 6731, 34, 197.970588, 4.500000, 0.000048, 0.000980, 
trial0002133, ZIC, 3027, 6, 504.500000, 8.333333, 0.000057, 0.000285, ZIP, 5826, 34, 171.352941, 3.705882, 0.000064, 0.000923, 
trial0002134, ZIC, 5994, 6, 999.000000, 15.333333, 0.000018, 0.001708, ZIP, 5182, 34, 152.411765, 4.117647, 0.000035, 0.000890, 
trial0002135, ZIC, 2884, 6, 480.666667, 9.333333, 0.000074, 0.000923, ZIP, 6330, 34, 186.176471, 4.000000, 0.000032, 0.000966, 
trial0002136, ZIC, 2510, 6, 418.333333, 9.833333, 0.000064, 0.000655, ZIP, 8749, 34, 257.323529, 5.147059, 0.000054, 0.000969, 
trial0002137, ZIC, 1265, 6, 210.833333, 8.500000, 0.000064, 0.000823, ZIP, 8905, 34, 261.911765, 5.323529, 0.000038, 0.000950, 
trial0002138, ZIC, 1510, 6, 251.666667, 3.833333, 0.000040, 0.000489, ZIP, 3009, 34, 88.500000, 2.147059, 0.000081, 0.000871, 
trial0002139, ZIC, 358, 6, 59.666667, 6.666667, 0.000034, 0.000530, ZIP, 4324, 34, 127.176471, 2.764706, 0.000041, 0.000922, 
trial0002140, ZIC, 2186, 6, 364.333333, 6.333333, 0.000040, 0.000967, ZIP, 7566, 34, 222.529412, 4.705882, 0.000021, 0.001024, 
trial0002141, ZIC, 3172, 6, 528.666667, 9.333333, 0.000123, 0.000843, ZIP, 7181, 34, 211.205882, 4.764706, 0.000033, 0.000950, 
trial0002142, ZIC, 3123, 6, 520.500000, 13.333333, 0.000038, 0.001100, ZIP, 7184, 34, 211.294118, 4.411765, 0.000049, 0.000869, 
trial0002143, ZIC, 1613, 6, 268.833333, 5.666667, 0.000028, 0.000530, ZIP, 6237, 34, 183.441176, 3.882353, 0.000043, 0.000882, 
trial0002144, ZIC, 2038, 6, 339.666667, 3.833333, 0.000052, 0.000833, ZIP, 3169, 34, 93.205882, 2.323529, 0.000058, 0.000831, 
trial0002145, ZIC, 3544, 6, 590.666667, 12.166667, 0.000110, 0.000932, ZIP, 6216, 34, 182.823529, 4.029412, 0.000040, 0.000942, 
trial0002146, ZIC, 2046, 6, 341.000000, 9.500000, 0.000048, 0.001022, ZIP, 7303, 34, 214.794118, 4.500000, 0.000066, 0.000896, 
trial0002147, ZIC, 4703, 6, 783.833333, 12.166667, 0.000204, 0.001715, ZIP, 5754, 34, 169.235294, 4.147059, 0.000060, 0.000909, 
trial0002148, ZIC, 7, 6, 1.166667, 0.166667, 0.000052, 0.000235, ZIP, 3317, 34, 97.558824, 1.852941, 0.000044, 0.000902, 
trial0002149, ZIC, 1814, 6, 302.333333, 8.333333, 0.000066, 0.000588, ZIP, 5363, 34, 157.735294, 3.176471, 0.000073, 0.000870, 
trial0002150, ZIC, 1851, 6, 308.500000, 7.333333, 0.000050, 0.001101, ZIP, 7256, 34, 213.411765, 4.647059, 0.000046, 0.000946, 
trial0002151, ZIC, 2913, 6, 485.500000, 9.166667, 0.000114, 0.000980, ZIP, 5665, 34, 166.617647, 3.500000, 0.000049, 0.000848, 
trial0002152, ZIC, 883, 6, 147.166667, 7.000000, 0.000048, 0.000456, ZIP, 6364, 34, 187.176471, 3.588235, 0.000051, 0.000928, 
trial0002153, ZIC, 568, 6, 94.666667, 3.000000, 0.000050, 0.000577, ZIP, 6399, 34, 188.205882, 4.000000, 0.000038, 0.000911, 
trial0002154, ZIC, 1872, 6, 312.000000, 9.000000, 0.000029, 0.000435, ZIP, 7378, 34, 217.000000, 4.647059, 0.000045, 0.000974, 
trial0002155, ZIC, 4392, 6, 732.000000, 14.833333, 0.000018, 0.001519, ZIP, 6116, 34, 179.882353, 3.852941, 0.000028, 0.000670, 
trial0002156, ZIC, 1175, 6, 195.833333, 4.666667, 0.000006, 0.000064, ZIP, 6445, 34, 189.558824, 4.117647, 0.000005, 0.000088, 
trial0002157, ZIC, 747, 6, 124.500000, 4.833333, 0.000006, 0.000065, ZIP, 6758, 34, 198.764706, 3.970588, 0.000005, 0.000111, 
trial0002158, ZIC, 1440, 6, 240.000000, 4.000000, 0.000006, 0.000114, ZIP, 7931, 34, 233.264706, 4.882353, 0.000009, 0.000160, 
trial0002159, ZIC, 6170, 6, 1028.333333, 15.333333, 0.000035, 0.001125, ZIP, 4816, 34, 141.647059, 3.647059, 0.000028, 0.000520, 
trial0002160, ZIC, 3263, 6, 543.833333, 8.666667, 0.000326, 0.001174, ZIP, 4523, 34, 133.029412, 3.000000, 0.000049, 0.000868, 
trial0002161, ZIC, 3289, 6, 548.166667, 12.000000, 0.000215, 0.001561, ZIP, 7038, 34, 207.000000, 4.470588, 0.000041, 0.000918, 
trial0002162, ZIC, 1242, 6, 207.000000, 5.333333, 0.000072, 0.000955, ZIP, 6721, 34, 197.676471, 4.176471, 0.000066, 0.000940, 
trial0002163, ZIC, 1036, 6, 172.666667, 7.000000, 0.000040, 0.001199, ZIP, 6853, 34, 201.558824, 4.235294, 0.000032, 0.001005, 
trial0002164, ZIC, 2115, 6, 352.500000, 7.666667, 0.000047, 0.000672, ZIP, 7408, 34, 217.882353, 4.411765, 0.000053, 0.000963, 
trial0002165, ZIC, 4204, 6, 700.666667, 12.000000, 0.000118, 0.001058, ZIP, 4265, 34, 125.441176, 3.235294, 0.000059, 0.000822, 
trial0002166, ZIC, 565, 6, 94.166667, 3.500000, 0.000066, 0.000414, ZIP, 2747, 34, 80.794118, 1.852941, 0.000056, 0.000868, 
trial0002167, ZIC, 964, 6, 160.666667, 7.333333, 0.000017, 0.000422, ZIP, 7493, 34, 220.382353, 4.352941, 0.000052, 0.000952, 
trial0002168, ZIC, 2190, 6, 365.000000, 5.500000, 0.000118, 0.001573, ZIP, 4551, 34, 133.852941, 2.852941, 0.000035, 0.001002, 
trial0002169, ZIC, 625, 6, 104.166667, 3.166667, 0.000104, 0.000890, ZIP, 5687, 34, 167.264706, 3.558824, 0.000055, 0.000885, 
trial0002170, ZIC, 2261, 6, 376.833333, 7.166667, 0.000212, 0.001352, ZIP, 4565, 34, 134.264706, 2.852941, 0.000046, 0.000859, 
trial0002171, ZIC, 549, 6, 91.500000, 3.166667, 0.000082, 0.000469, ZIP, 5064, 34, 148.941176, 3.264706, 0.000064, 0.000939, 
trial0002172, ZIC, 4516, 6, 752.666667, 12.333333, 0.000203, 0.000873, ZIP, 5144, 34, 151.294118, 3.235294, 0.000036, 0.000902, 
trial0002173, ZIC, 2615, 6, 435.833333, 9.166667, 0.000028, 0.001007, ZIP, 6203, 34, 182.441176, 3.911765, 0.000046, 0.000895, 
trial0002174, ZIC, 1228, 6, 204.666667, 4.666667, 0.000149, 0.000388, ZIP, 3102, 34, 91.235294, 1.941176, 0.000062, 0.000834, 
trial0002175, ZIC, 3528, 6, 588.000000, 11.500000, 0.000029, 0.000867, ZIP, 6401, 34, 188.264706, 4.264706, 0.000058, 0.000913, 
trial0002176, ZIC, 2331, 6, 388.500000, 9.166667, 0.000118, 0.001095, ZIP, 6269, 34, 184.382353, 3.970588, 0.000051, 0.000951, 
trial0002177, ZIC, 1659, 6, 276.500000, 6.000000, 0.000114, 0.000411, ZIP, 5939, 34, 174.676471, 3.705882, 0.000045, 0.000909, 
trial0002178, ZIC, 3398, 6, 566.333333, 9.333333, 0.000067, 0.000979, ZIP, 5110, 34, 150.294118, 3.411765, 0.000036, 0.000897, 
trial0002179, ZIC, 2440, 6, 406.666667, 10.333333, 0.000086, 0.001638, ZIP, 6298, 34, 185.235294, 3.764706, 0.000054, 0.000901, 
trial0002180, ZIC, 0, 6, 0.000000, 0.000000, 0.000061, 0.000341, ZIP, 3379, 34, 99.382353, 2.117647, 0.000045, 0.000904, 
trial0002181, ZIC, 3701, 6, 616.833333, 12.333333, 0.000063, 0.001808, ZIP, 7126, 34, 209.588235, 4.235294, 0.000039, 0.000965, 
trial0002182, ZIC, 1157, 6, 192.833333, 3.000000, 0.000027, 0.000416, ZIP, 4328, 34, 127.294118, 2.647059, 0.000057, 0.000892, 
trial0002183, ZIC, 1512, 6, 252.000000, 8.166667, 0.000040, 0.000720, ZIP, 8683, 34, 255.382353, 5.205882, 0.000051, 0.001047, 
trial0002184, ZIC, 1829, 6, 304.833333, 9.333333, 0.000179, 0.001002, ZIP, 7360, 34, 216.470588, 5.000000, 0.000055, 0.000964, 
trial0002185, ZIC, 2514, 6, 419.000000, 9.500000, 0.000050, 0.002082, ZIP, 5678, 34, 167.000000, 3.852941, 0.000049, 0.000949, 
trial0002186, ZIC, 642, 6, 107.000000, 3.166667, 0.000029, 0.000612, ZIP, 7232, 34, 212.705882, 4.323529, 0.000049, 0.000966, 
trial0002187, ZIC, 3396, 6, 566.000000, 10.333333, 0.000043, 0.000613, ZIP, 4721, 34, 138.852941, 3.000000, 0.000054, 0.000942, 
trial0002188, ZIC, 1060, 6, 176.666667, 4.666667, 0.000040, 0.000477, ZIP, 6530, 34, 192.058824, 4.000000, 0.000049, 0.000944, 
trial0002189, ZIC, 2285, 6, 380.833333, 7.333333, 0.000006, 0.000092, ZIP, 6609, 34, 194.382353, 4.294118, 0.000005, 0.000087, 
trial0002190, ZIC, 1267, 6, 211.166667, 3.666667, 0.000006, 0.000091, ZIP, 4969, 34, 146.147059, 3.235294, 0.000005, 0.000093, 
trial0002191, ZIC, 4356, 6, 726.000000, 12.166667, 0.000006, 0.000171, ZIP, 6357, 34, 186.970588, 4.500000, 0.000006, 0.000126, 
trial0002192, ZIC, 5616, 6, 936.000000, 12.333333, 0.000013, 0.000716, ZIP, 4990, 34, 146.764706, 3.705882, 0.000028, 0.000417, 
trial0002193, ZIC, 1920, 6, 320.000000, 6.333333, 0.000039, 0.000464, ZIP, 6095, 34, 179.264706, 4.176471, 0.000052, 0.000912, 
trial0002194, ZIC, 2717, 6, 452.833333, 7.333333, 0.000068, 0.000847, ZIP, 4896, 34, 144.000000, 3.058824, 0.000067, 0.000836, 
trial0002195, ZIC, 1023, 6, 170.500000, 4.000000, 0.000016, 0.000794, ZIP, 5266, 34, 154.882353, 3.000000, 0.000043, 0.000912, 
trial0002196, ZIC, 4357, 6, 726.166667, 11.833333, 0.000028, 0.001153, ZIP, 4462, 34, 131.235294, 3.264706, 0.000079, 0.000891, 
trial0002197, ZIC, 4526, 6, 754.333333, 14.833333, 0.000007, 0.001188, ZIP, 6118, 34, 179.941176, 4.264706, 0.000065, 0.000851, 
trial0002198, ZIC, 3794, 6, 632.333333, 14.833333, 0.000123, 0.001047, ZIP, 6795, 34, 199.852941, 4.558824, 0.000085, 0.000901, 
trial0002199, ZIC, 2806, 6, 467.666667, 8.833333, 0.000080, 0.000658, ZIP, 6722, 34, 197.705882, 4.382353, 0.000039, 0.000857, 
trial0002200, ZIC, 1145, 6, 190.833333, 5.000000, 0.000109, 0.000715, ZIP, 7816, 34, 229.882353, 5.000000, 0.000051, 0.000980, 
trial0002201, ZIC, 969, 6, 161.500000, 6.666667, 0.000057, 0.000436, ZIP, 2291, 34, 67.382353, 2.470588, 0.000051, 0.000920, 
trial0002202, ZIC, 336, 6, 56.000000, 5.000000, 0.000021, 0.000352, ZIP, 3884, 34, 114.235294, 3.647059, 0.000036, 0.000926, 
trial0002203, ZIC, 501, 6, 83.500000, 3.333333, 0.000048, 0.000636, ZIP, 3496, 34, 102.823529, 3.647059, 0.000075, 0.000894, 
trial0002204, ZIC, 1331, 6, 221.833333, 11.333333, 0.000162, 0.000673, ZIP, 3041, 34, 89.441176, 3.235294, 0.000042, 0.000935, 
trial0002205, ZIC, 1402, 6, 233.666667, 6.666667, 0.000046, 0.000794, ZIP, 3558, 34, 104.647059, 3.941176, 0.000060, 0.000909, 
trial0002206, ZIC, 0, 6, 0.000000, 0.000000, 0.000081, 0.000349, ZIP, 1701, 34, 50.029412, 1.705882, 0.000051, 0.000911, 
trial0002207, ZIC, 262, 6, 43.666667, 4.000000, 0.000053, 0.000322, ZIP, 4014, 34, 118.058824, 3.823529, 0.000051, 0.000914, 
trial0002208, ZIC, 1640, 6, 273.333333, 9.166667, 0.000047, 0.000789, ZIP, 3222, 34, 94.764706, 3.558824, 0.000040, 0.000860, 
trial0002209, ZIC, 1720, 6, 286.666667, 8.000000, 0.000107, 0.000772, ZIP, 3534, 34, 103.941176, 3.882353, 0.000054, 0.000917, 
trial0002210, ZIC, 8, 6, 1.333333, 0.166667, 0.000029, 0.000347, ZIP, 2342, 34, 68.882353, 2.088235, 0.000044, 0.001535, 
trial0002211, ZIC, 1036, 6, 172.666667, 8.000000, 0.000106, 0.000395, ZIP, 5017, 34, 147.558824, 5.764706, 0.000062, 0.000958, 
trial0002212, ZIC, 2559, 6, 426.500000, 11.000000, 0.000019, 0.000969, ZIP, 3678, 34, 108.176471, 4.352941, 0.000057, 0.000908, 
trial0002213, ZIC, 1084, 6, 180.666667, 8.500000, 0.000059, 0.000592, ZIP, 3427, 34, 100.794118, 3.794118, 0.000062, 0.000889, 
trial0002214, ZIC, 1468, 6, 244.666667, 7.833333, 0.000079, 0.000490, ZIP, 3707, 34, 109.029412, 3.911765, 0.000038, 0.000943, 
trial0002215, ZIC, 1684, 6, 280.666667, 10.833333, 0.000146, 0.000686, ZIP, 5004, 34, 147.176471, 5.500000, 0.000065, 0.001081, 
trial0002216, ZIC, 2022, 6, 337.000000, 9.666667, 0.000090, 0.001139, ZIP, 4544, 34, 133.647059, 5.058824, 0.000056, 0.001068, 
trial0002217, ZIC, 1954, 6, 325.666667, 9.000000, 0.000017, 0.001056, ZIP, 3275, 34, 96.323529, 3.823529, 0.000059, 0.000949, 
trial0002218, ZIC, 1602, 6, 267.000000, 11.333333, 0.000071, 0.001208, ZIP, 4322, 34, 127.117647, 4.705882, 0.000059, 0.000904, 
trial0002219, ZIC, 376, 6, 62.666667, 5.666667, 0.000085, 0.000477, ZIP, 3123, 34, 91.852941, 3.352941, 0.000034, 0.000972, 
trial0002220, ZIC, 985, 6, 164.166667, 3.166667, 0.000061, 0.000892, ZIP, 2794, 34, 82.176471, 3.029412, 0.000049, 0.000904, 
trial0002221, ZIC, 0, 6, 0.000000, 0.000000, 0.000079, 0.000314, ZIP, 2339, 34, 68.794118, 2.294118, 0.000053, 0.000889, 
trial0002222, ZIC, 1129, 6, 188.166667, 4.500000, 0.000024, 0.000036, ZIP, 2406, 34, 70.764706, 2.676471, 0.000005, 0.000100, 
trial0002223, ZIC, 664, 6, 110.666667, 5.666667, 0.000006, 0.000058, ZIP, 3367, 34, 99.029412, 3.411765, 0.000006, 0.000095, 
trial0002224, ZIC, 1634, 6, 272.333333, 9.166667, 0.000006, 0.000133, ZIP, 3668, 34, 107.882353, 4.205882, 0.000005, 0.000122, 
trial0002225, ZIC, 1654, 6, 275.666667, 7.833333, 0.000061, 0.000455, ZIP, 3263, 34, 95.970588, 3.676471, 0.000031, 0.000445, 
trial0002226, ZIC, 590, 6, 98.333333, 5.833333, 0.000090, 0.000570, ZIP, 2726, 34, 80.176471, 2.735294, 0.000048, 0.000822, 
trial0002227, ZIC, 47, 6, 7.833333, 0.833333, 0.000019, 0.000475, ZIP, 1323, 34, 38.911765, 1.264706, 0.000043, 0.000868, 
trial0002228, ZIC, 1121, 6, 186.833333, 7.166667, 0.000062, 0.000651, ZIP, 3206, 34, 94.294118, 3.558824, 0.000047, 0.000902, 
trial0002229, ZIC, 763, 6, 127.166667, 3.166667, 0.000082, 0.000836, ZIP, 4020, 34, 118.235294, 4.264706, 0.000090, 0.001032, 
trial0002230, ZIC, 950, 6, 158.333333, 5.666667, 0.000018, 0.000835, ZIP, 3453, 34, 101.558824, 3.588235, 0.000039, 0.000935, 
trial0002231, ZIC, 2753, 6, 458.833333, 12.000000, 0.000075, 0.001398, ZIP, 3251, 34, 95.617647, 3.764706, 0.000053, 0.000883, 
trial0002232, ZIC, 1045, 6, 174.166667, 5.333333, 0.000007, 0.000816, ZIP, 3655, 34, 107.500000, 3.411765, 0.000056, 0.000902, 
trial0002233, ZIC, 86, 6, 14.333333, 1.333333, 0.000097, 0.000263, ZIP, 2370, 34, 69.705882, 2.294118, 0.000063, 0.000857, 
trial0002234, ZIC, 1568, 6, 261.333333, 8.333333, 0.000029, 0.000918, ZIP, 4108, 34, 120.823529, 4.470588, 0.000069, 0.000935, 
trial0002235, ZIC, 3012, 6, 502.000000, 16.333333, 0.000043, 0.001309, ZIP, 3967, 34, 116.676471, 4.823529, 0.000031, 0.000997, 
trial0002236, ZIC, 2110, 6, 351.666667, 11.833333, 0.000017, 0.000935, ZIP, 4316, 34, 126.941176, 4.323529, 0.000055, 0.000915, 
trial0002237, ZIC, 1099, 6, 183.166667, 5.666667, 0.000112, 0.000758, ZIP, 3174, 34, 93.352941, 3.176471, 0.000060, 0.000950, 
trial0002238, ZIC, 2704, 6, 450.666667, 11.500000, 0.000007, 0.001312, ZIP, 3482, 34, 102.411765, 4.500000, 0.000048, 0.000914, 
trial0002239, ZIC, 1949, 6, 324.833333, 8.666667, 0.000187, 0.000815, ZIP, 4264, 34, 125.411765, 5.058824, 0.000052, 0.000995, 
trial0002240, ZIC, 1262, 6, 210.333333, 6.333333, 0.000017, 0.001197, ZIP, 2828, 34, 83.176471, 3.470588, 0.000048, 0.000930, 
trial0002241, ZIC, 1474, 6, 245.666667, 7.333333, 0.000172, 0.000816, ZIP, 4087, 34, 120.205882, 4.411765, 0.000051, 0.000969, 
trial0002242, ZIC, 1465, 6, 244.166667, 7.833333, 0.000060, 0.000631, ZIP, 4185, 34, 123.088235, 4.735294, 0.000031, 0.000922, 
trial0002243, ZIC, 2924, 6, 487.333333, 14.166667, 0.000053, 0.000727, ZIP, 3867, 34, 113.735294, 4.676471, 0.000054, 0.000964, 
trial0002244, ZIC, 522, 6, 87.000000, 7.166667, 0.000082, 0.000471, ZIP, 3666, 34, 107.823529, 3.794118, 0.000033, 0.000893, 
trial0002245, ZIC, 0, 6, 0.000000, 0.000000, 0.000087, 0.000349, ZIP, 2022, 34, 59.470588, 1.882353, 0.000046, 0.000922, 
trial0002246, ZIC, 1340, 6, 223.333333, 12.166667, 0.000130, 0.000921, ZIP, 4531, 34, 133.264706, 5.088235, 0.000045, 0.000981, 
trial0002247, ZIC, 1292, 6, 215.333333, 8.500000, 0.000029, 0.001021, ZIP, 3193, 34, 93.911765, 3.323529, 0.000043, 0.000898, 
trial0002248, ZIC, 1219, 6, 203.166667, 8.833333, 0.000143, 0.000540, ZIP, 4277, 34, 125.794118, 5.088235, 0.000062, 0.000939, 
trial0002249, ZIC, 641, 6, 106.833333, 5.500000, 0.000054, 0.000513, ZIP, 2750, 34, 80.882353, 2.735294, 0.000041, 0.000932, 
trial0002250, ZIC, 1377, 6, 229.500000, 8.666667, 0.000118, 0.001234, ZIP, 3496, 34, 102.823529, 4.117647, 0.000060, 0.000921, 
trial0002251, ZIC, 1441, 6, 240.166667, 8.500000, 0.000041, 0.000874, ZIP, 3772, 34, 110.941176, 3.794118, 0.000069, 0.000961, 
trial0002252, ZIC, 1015, 6, 169.166667, 5.333333, 0.000041, 0.001363, ZIP, 3466, 34, 101.941176, 3.588235, 0.000076, 0.000912, 
trial0002253, ZIC, 1455, 6, 242.500000, 6.000000, 0.000018, 0.000767, ZIP, 2702, 34, 79.470588, 3.000000, 0.000050, 0.000908, 
trial0002254, ZIC, 1929, 6, 321.500000, 8.833333, 0.000146, 0.000837, ZIP, 2976, 34, 87.529412, 2.911765, 0.000058, 0.000905, 
trial0002255, ZIC, 3146, 6, 524.333333, 11.166667, 0.000006, 0.000141, ZIP, 3004, 34, 88.352941, 4.029412, 0.000005, 0.000093, 
trial0002256, ZIC, 2203, 6, 367.166667, 11.500000, 0.000006, 0.000098, ZIP, 3227, 34, 94.911765, 4.088235, 0.000005, 0.000092, 
trial0002257, ZIC, 559, 6, 93.166667, 5.000000, 0.000010, 0.000057, ZIP, 2800, 34, 82.352941, 2.647059, 0.000006, 0.000127, 
trial0002258, ZIC, 1212, 6, 202.000000, 6.833333, 0.000026, 0.000217, ZIP, 4359, 34, 128.205882, 4.794118, 0.000015, 0.000433, 
trial0002259, ZIC, 1869, 6, 311.500000, 11.833333, 0.000149, 0.000701, ZIP, 3630, 34, 106.764706, 4.088235, 0.000055, 0.000874, 
trial0002260, ZIC, 1495, 6, 249.166667, 6.833333, 0.000018, 0.000611, ZIP, 3565, 34, 104.852941, 3.676471, 0.000048, 0.000869, 
trial0002261, ZIC, 1448, 6, 241.333333, 5.500000, 0.000062, 0.000360, ZIP, 2902, 34, 85.352941, 3.500000, 0.000042, 0.000940, 
trial0002262, ZIC, 1701, 6, 283.500000, 8.333333, 0.000046, 0.000661, ZIP, 3930, 34, 115.588235, 4.117647, 0.000042, 0.000897, 
trial0002263, ZIC, 1499, 6, 249.833333, 7.166667, 0.000031, 0.001123, ZIP, 3770, 34, 110.882353, 4.088235, 0.000066, 0.000926, 
trial0002264, ZIC, 1501, 6, 250.166667, 8.666667, 0.000158, 0.000856, ZIP, 3342, 34, 98.294118, 3.647059, 0.000068, 0.000971, 
trial0002265, ZIC, 1826, 6, 304.333333, 8.500000, 0.000126, 0.001105, ZIP, 4351, 34, 127.970588, 5.088235, 0.000044, 0.000997, 
trial0002266, ZIC, 1086, 6, 181.000000, 7.666667, 0.000043, 0.000855, ZIP, 3349, 34, 98.500000, 3.411765, 0.000062, 0.000903, 
trial0002267, ZIC, 1240, 6, 206.666667, 5.000000, 0.000044, 0.000304, ZIP, 2431, 34, 71.500000, 2.705882, 0.000044, 0.000922, 
trial0002268, ZIC, 1166, 6, 194.333333, 8.500000, 0.000075, 0.000477, ZIP, 4568, 34, 134.352941, 5.029412, 0.000071, 0.000916, 
trial0002269, ZIC, 1894, 6, 315.666667, 8.666667, 0.000028, 0.000796, ZIP, 3553, 34, 104.500000, 3.764706, 0.000075, 0.000917, 
trial0002270, ZIC, 598, 6, 99.666667, 3.666667, 0.000050, 0.000548, ZIP, 3104, 34, 91.294118, 3.176471, 0.000059, 0.000951, 
trial0002271, ZIC, 2788, 6, 464.666667, 11.166667, 0.000068, 0.001162, ZIP, 3762, 34, 110.647059, 4.852941, 0.000051, 0.000916, 
trial0002272, ZIC, 1340, 6, 223.333333, 6.333333, 0.000071, 0.001131, ZIP, 4347, 34, 127.852941, 4.588235, 0.000042, 0.000980, 
trial0002273, ZIC, 1036, 6, 172.666667, 6.833333, 0.000029, 0.000778, ZIP, 3085, 34, 90.735294, 3.323529, 0.000052, 0.000900, 
trial0002274, ZIC, 1151, 6, 191.833333, 6.500000, 0.000058, 0.000793, ZIP, 4392, 34, 129.176471, 4.794118, 0.000040, 0.000986, 
trial0002275, ZIC, 1226, 6, 204.333333, 5.000000, 0.000050, 0.001029, ZIP, 3580, 34, 105.294118, 3.941176, 0.000075, 0.000880, 
trial0002276, ZIC, 723, 6, 120.500000, 7.500000, 0.000113, 0.000436, ZIP, 4133, 34, 121.558824, 4.205882, 0.000054, 0.000890, 
trial0002277, ZIC, 559, 6, 93.166667, 6.666667, 0.000007, 0.000589, ZIP, 2935, 34, 86.323529, 3.000000, 0.000050, 0.000903, 
trial0002278, ZIC, 2096, 6, 349.333333, 9.500000, 0.000018, 0.001209, ZIP, 3264, 34, 96.000000, 4.088235, 0.000041, 0.000921, 
trial0002279, ZIC, 1960, 6, 326.666667, 11.166667, 0.000076, 0.000365, ZIP, 4327, 34, 127.264706, 4.970588, 0.000064, 0.000879, 
trial0002280, ZIC, 651, 6, 108.500000, 6.833333, 0.000062, 0.000627, ZIP, 4648, 34, 136.705882, 4.911765, 0.000060, 0.000942, 
trial0002281, ZIC, 288, 6, 48.000000, 3.000000, 0.000032, 0.000409, ZIP, 3669, 34, 107.911765, 3.941176, 0.000041, 0.000919, 
trial0002282, ZIC, 2001, 6, 333.500000, 10.666667, 0.000064, 0.001176, ZIP, 3976, 34, 116.941176, 4.411765, 0.000069, 0.000935, 
trial0002283, ZIC, 1090, 6, 181.666667, 6.000000, 0.000040, 0.001387, ZIP, 3104, 34, 91.294118, 3.294118, 0.000044, 0.000942, 
trial0002284, ZIC, 1200, 6, 200.000000, 8.166667, 0.000007, 0.000627, ZIP, 3909, 34, 114.970588, 4.558824, 0.000075, 0.000972, 
trial0002285, ZIC, 2244, 6, 374.000000, 9.833333, 0.000052, 0.000703, ZIP, 2535, 34, 74.558824, 2.852941, 0.000048, 0.000918, 
trial0002286, ZIC, 1350, 6, 225.000000, 8.166667, 0.000031, 0.001422, ZIP, 3521, 34, 103.558824, 3.382353, 0.000046, 0.000829, 
trial0002287, ZIC, 1362, 6, 227.000000, 6.333333, 0.000050, 0.001186, ZIP, 3922, 34, 115.352941, 4.235294, 0.000043, 0.000919, 
trial0002288, ZIC, 1811, 6, 301.833333, 10.000000, 0.000007, 0.000190, ZIP, 4268, 34, 125.529412, 4.529412, 0.000026, 0.000416, 
trial0002289, ZIC, 282, 6, 47.000000, 3.333333, 0.000006, 0.000043, ZIP, 3854, 34, 113.352941, 4.117647, 0.000005, 0.000090, 
trial0002290, ZIC, 3052, 6, 508.666667, 13.333333, 0.000006, 0.000217, ZIP, 4243, 34, 124.794118, 5.176471, 0.000006, 0.000124, 
trial0002291, ZIC, 1584, 6, 264.000000, 8.666667, 0.000006, 0.000131, ZIP, 3648, 34, 107.294118, 4.117647, 0.000014, 0.000179, 
trial0002292, ZIC, 3150, 6, 525.000000, 9.500000, 0.000164, 0.001754, ZIP, 2678, 34, 78.764706, 3.441176, 0.000046, 0.000745, 
trial0002293, ZIC, 3425, 6, 570.833333, 13.833333, 0.000103, 0.001228, ZIP, 3427, 34, 100.794118, 4.500000, 0.000034, 0.000878, 
trial0002294, ZIC, 1856, 6, 309.333333, 10.500000, 0.000162, 0.000948, ZIP, 3180, 34, 93.529412, 3.735294, 0.000072, 0.000847, 
trial0002295, ZIC, 1338, 6, 223.000000, 9.000000, 0.000121, 0.000824, ZIP, 4199, 34, 123.500000, 4.705882, 0.000042, 0.000964, 
trial0002296, ZIC, 2303, 6, 383.833333, 13.166667, 0.000047, 0.000693, ZIP, 3697, 34, 108.735294, 4.147059, 0.000061, 0.000893, 
trial0002297, ZIC, 88, 6, 14.666667, 1.333333, 0.000133, 0.000314, ZIP, 1600, 34, 47.058824, 1.470588, 0.000052, 0.000921, 
trial0002298, ZIC, 6, 6, 1.000000, 0.333333, 0.000052, 0.000341, ZIP, 1498, 34, 44.058824, 1.411765, 0.000053, 0.000886, 
trial0002299, ZIC, 791, 6, 131.833333, 4.166667, 0.000125, 0.000763, ZIP, 3102, 34, 91.235294, 3.205882, 0.000079, 0.000936, 
trial0002300, ZIC, 1135, 6, 189.166667, 9.666667, 0.000137, 0.000339, ZIP, 4405, 34, 129.558824, 4.470588, 0.000056, 0.000945, 
trial0002301, ZIC, 882, 6, 147.000000, 5.000000, 0.000116, 0.000789, ZIP, 3025, 34, 88.970588, 2.529412, 0.000058, 0.000862, 
trial0002302, ZIC, 1112, 6, 185.333333, 7.000000, 0.000051, 0.001212, ZIP, 4921, 34, 144.735294, 3.941176, 0.000049, 0.001032, 
trial0002303, ZIC, 1647, 6, 274.500000, 7.000000, 0.000035, 0.000589, ZIP, 3367, 34, 99.029412, 2.882353, 0.000066, 0.000811, 
trial0002304, ZIC, 1651, 6, 275.166667, 9.833333, 0.000037, 0.000830, ZIP, 5572, 34, 163.882353, 4.617647, 0.000063, 0.000987, 
trial0002305, ZIC, 2184, 6, 364.000000, 8.666667, 0.000049, 0.001262, ZIP, 3813, 34, 112.147059, 3.529412, 0.000059, 0.000937, 
trial0002306, ZIC, 3407, 6, 567.833333, 15.333333, 0.000068, 0.001062, ZIP, 5215, 34, 153.382353, 4.588235, 0.000060, 0.000944, 
trial0002307, ZIC, 1814, 6, 302.333333, 8.666667, 0.000131, 0.000659, ZIP, 6125, 34, 180.147059, 4.764706, 0.000065, 0.000907, 
trial0002308, ZIC, 2432, 6, 405.333333, 8.166667, 0.000034, 0.001680, ZIP, 4562, 34, 134.176471, 4.323529, 0.000045, 0.000941, 
trial0002309, ZIC, 973, 6, 162.166667, 5.000000, 0.000089, 0.000669, ZIP, 5373, 34, 158.029412, 4.588235, 0.000043, 0.000988, 
trial0002310, ZIC, 1270, 6, 211.666667, 7.500000, 0.000085, 0.000812, ZIP, 4820, 34, 141.764706, 4.205882, 0.000060, 0.000961, 
trial0002311, ZIC, 3489, 6, 581.500000, 11.833333, 0.000105, 0.001592, ZIP, 4428, 34, 130.235294, 4.676471, 0.000043, 0.000910, 
trial0002312, ZIC, 2160, 6, 360.000000, 8.333333, 0.000050, 0.000760, ZIP, 4657, 34, 136.970588, 4.352941, 0.000061, 0.000926, 
trial0002313, ZIC, 1179, 6, 196.500000, 6.833333, 0.000062, 0.000687, ZIP, 4654, 34, 136.882353, 3.794118, 0.000050, 0.000869, 
trial0002314, ZIC, 604, 6, 100.666667, 3.166667, 0.000039, 0.000559, ZIP, 4812, 34, 141.529412, 3.911765, 0.000045, 0.000871, 
trial0002315, ZIC, 1125, 6, 187.500000, 3.000000, 0.000051, 0.000466, ZIP, 2140, 34, 62.941176, 1.705882, 0.000052, 0.000928, 
trial0002316, ZIC, 1540, 6, 256.666667, 5.833333, 0.000082, 0.000429, ZIP, 3296, 34, 96.941176, 2.676471, 0.000050, 0.000847, 
trial0002317, ZIC, 1712, 6, 285.333333, 6.500000, 0.000042, 0.000954, ZIP, 4779, 34, 140.558824, 4.147059, 0.000058, 0.000920, 
trial0002318, ZIC, 220, 6, 36.666667, 3.166667, 0.000083, 0.000422, ZIP, 4522, 34, 133.000000, 3.794118, 0.000050, 0.000946, 
trial0002319, ZIC, 924, 6, 154.000000, 4.833333, 0.000283, 0.000534, ZIP, 4684, 34, 137.764706, 3.794118, 0.000047, 0.000946, 
trial0002320, ZIC, 1302, 6, 217.000000, 7.666667, 0.000091, 0.000799, ZIP, 4038, 34, 118.764706, 3.470588, 0.000060, 0.000827, 
trial0002321, ZIC, 6, 6, 1.000000, 1.000000, 0.000028, 0.000199, ZIP, 2727, 34, 80.205882, 2.470588, 0.000044, 0.000495, 
trial0002322, ZIC, 1391, 6, 231.833333, 9.333333, 0.000006, 0.000057, ZIP, 4456, 34, 131.058824, 3.647059, 0.000005, 0.000086, 
trial0002323, ZIC, 840, 6, 140.000000, 6.166667, 0.000006, 0.000106, ZIP, 5534, 34, 162.764706, 4.558824, 0.000005, 0.000131, 
trial0002324, ZIC, 1903, 6, 317.166667, 8.833333, 0.000016, 0.000112, ZIP, 4107, 34, 120.794118, 3.382353, 0.000009, 0.000181, 
trial0002325, ZIC, 1823, 6, 303.833333, 8.666667, 0.000079, 0.000492, ZIP, 3839, 34, 112.911765, 3.529412, 0.000046, 0.000835, 
trial0002326, ZIC, 2303, 6, 383.833333, 10.833333, 0.000090, 0.000881, ZIP, 4127, 34, 121.382353, 3.852941, 0.000047, 0.000969, 
trial0002327, ZIC, 2133, 6, 355.500000, 10.166667, 0.000043, 0.000797, ZIP, 5413, 34, 159.205882, 4.617647, 0.000042, 0.000969, 
trial0002328, ZIC, 276, 6, 46.000000, 2.833333, 0.000029, 0.000428, ZIP, 4079, 34, 119.970588, 3.500000, 0.000039, 0.000970, 
trial0002329, ZIC, 2698, 6, 449.666667, 10.333333, 0.000056, 0.001417, ZIP, 4195, 34, 123.382353, 4.058824, 0.000058, 0.000910, 
trial0002330, ZIC, 1606, 6, 267.666667, 5.166667, 0.000223, 0.001111, ZIP, 3090, 34, 90.882353, 2.852941, 0.000065, 0.000894, 
trial0002331, ZIC, 1746, 6, 291.000000, 9.833333, 0.000038, 0.000813, ZIP, 5292, 34, 155.647059, 4.382353, 0.000045, 0.000843, 
trial0002332, ZIC, 1820, 6, 303.333333, 11.500000, 0.000104, 0.000804, ZIP, 5315, 34, 156.323529, 5.029412, 0.000062, 0.001021, 
trial0002333, ZIC, 2626, 6, 437.666667, 8.333333, 0.000052, 0.000994, ZIP, 3190, 34, 93.823529, 2.941176, 0.000049, 0.000821, 
trial0002334, ZIC, 1587, 6, 264.500000, 5.833333, 0.000062, 0.000683, ZIP, 4731, 34, 139.147059, 4.205882, 0.000034, 0.000977, 
trial0002335, ZIC, 2604, 6, 434.000000, 10.833333, 0.000134, 0.000781, ZIP, 3923, 34, 115.382353, 3.558824, 0.000050, 0.000890, 
trial0002336, ZIC, 1214, 6, 202.333333, 7.000000, 0.000105, 0.001106, ZIP, 5220, 34, 153.529412, 4.529412, 0.000044, 0.000906, 
trial0002337, ZIC, 2371, 6, 395.166667, 8.333333, 0.000064, 0.001213, ZIP, 3763, 34, 110.676471, 3.235294, 0.000045, 0.000855, 
trial0002338, ZIC, 2183, 6, 363.833333, 7.500000, 0.000185, 0.000504, ZIP, 4317, 34, 126.970588, 3.852941, 0.000039, 0.000980, 
trial0002339, ZIC, 1881, 6, 313.500000, 5.333333, 0.000066, 0.000455, ZIP, 2517, 34, 74.029412, 2.235294, 0.000046, 0.000862, 
trial0002340, ZIC, 1328, 6, 221.333333, 6.833333, 0.000084, 0.000447, ZIP, 5119, 34, 150.558824, 4.441176, 0.000032, 0.000976, 
trial0002341, ZIC, 957, 6, 159.500000, 4.333333, 0.000106, 0.000582, ZIP, 4214, 34, 123.941176, 3.882353, 0.000056, 0.000879, 
trial0002342, ZIC, 1963, 6, 327.166667, 6.166667, 0.000052, 0.000857, ZIP, 2945, 34, 86.617647, 2.441176, 0.000046, 0.000871, 
trial0002343, ZIC, 1533, 6, 255.500000, 9.500000, 0.000038, 0.001086, ZIP, 4460, 34, 131.176471, 3.735294, 0.000055, 0.000917, 
trial0002344, ZIC, 2720, 6, 453.333333, 8.833333, 0.000037, 0.001141, ZIP, 4368, 34, 128.470588, 3.735294, 0.000063, 0.000959, 
trial0002345, ZIC, 2169, 6, 361.500000, 8.666667, 0.000075, 0.000838, ZIP, 3946, 34, 116.058824, 3.882353, 0.000041, 0.000908, 
trial0002346, ZIC, 1132, 6, 188.666667, 6.500000, 0.000075, 0.000314, ZIP, 4614, 34, 135.705882, 3.617647, 0.000048, 0.000908, 
trial0002347, ZIC, 3082, 6, 513.666667, 10.166667, 0.000061, 0.001860, ZIP, 3348, 34, 98.470588, 3.205882, 0.000037, 0.000862, 
trial0002348, ZIC, 1928, 6, 321.333333, 8.333333, 0.000058, 0.000813, ZIP, 5952, 34, 175.058824, 5.294118, 0.000048, 0.000914, 
trial0002349, ZIC, 1935, 6, 322.500000, 8.166667, 0.000046, 0.001291, ZIP, 5631, 34, 165.617647, 4.735294, 0.000050, 0.000989, 
trial0002350, ZIC, 1128, 6, 188.000000, 8.166667, 0.000026, 0.001206, ZIP, 4444, 34, 130.705882, 3.794118, 0.000066, 0.000910, 
trial0002351, ZIC, 1037, 6, 172.833333, 5.333333, 0.000112, 0.001071, ZIP, 3152, 34, 92.705882, 2.705882, 0.000052, 0.000944, 
trial0002352, ZIC, 1718, 6, 286.333333, 8.333333, 0.000044, 0.001491, ZIP, 4278, 34, 125.823529, 3.764706, 0.000043, 0.000935, 
trial0002353, ZIC, 999, 6, 166.500000, 5.333333, 0.000121, 0.000768, ZIP, 4457, 34, 131.088235, 3.705882, 0.000046, 0.000978, 
trial0002354, ZIC, 1993, 6, 332.166667, 9.000000, 0.000030, 0.001252, ZIP, 4005, 34, 117.794118, 3.235294, 0.000039, 0.000631, 
trial0002355, ZIC, 2070, 6, 345.000000, 8.333333, 0.000006, 0.000130, ZIP, 5806, 34, 170.764706, 5.000000, 0.000005, 0.000092, 
trial0002356, ZIC, 999, 6, 166.500000, 2.833333, 0.000006, 0.000040, ZIP, 2922, 34, 85.941176, 2.794118, 0.000005, 0.000105, 
trial0002357, ZIC, 3206, 6, 534.333333, 12.000000, 0.000006, 0.000298, ZIP, 5075, 34, 149.264706, 4.941176, 0.000007, 0.000157, 
trial0002358, ZIC, 35, 6, 5.833333, 0.833333, 0.000033, 0.000277, ZIP, 2302, 34, 67.705882, 1.558824, 0.000032, 0.000630, 
trial0002359, ZIC, 2903, 6, 483.833333, 9.833333, 0.000189, 0.001287, ZIP, 4192, 34, 123.294118, 3.852941, 0.000044, 0.000876, 
trial0002360, ZIC, 1240, 6, 206.666667, 6.666667, 0.000033, 0.001535, ZIP, 5755, 34, 169.264706, 4.588235, 0.000078, 0.000928, 
trial0002361, ZIC, 0, 6, 0.000000, 0.000000, 0.000072, 0.000286, ZIP, 1631, 34, 47.970588, 1.588235, 0.000048, 0.000891, 
trial0002362, ZIC, 1685, 6, 280.833333, 7.500000, 0.000256, 0.001317, ZIP, 6389, 34, 187.911765, 5.323529, 0.000032, 0.001029, 
trial0002363, ZIC, 98, 6, 16.333333, 1.500000, 0.000095, 0.000264, ZIP, 3628, 34, 106.705882, 2.970588, 0.000073, 0.000935, 
trial0002364, ZIC, 2253, 6, 375.500000, 8.666667, 0.000129, 0.001440, ZIP, 4547, 34, 133.735294, 4.058824, 0.000070, 0.000873, 
trial0002365, ZIC, 3315, 6, 552.500000, 14.166667, 0.000070, 0.001041, ZIP, 5158, 34, 151.705882, 4.852941, 0.000043, 0.000949, 
trial0002366, ZIC, 1059, 6, 176.500000, 3.166667, 0.000038, 0.000406, ZIP, 2494, 34, 73.352941, 1.970588, 0.000050, 0.000875, 
trial0002367, ZIC, 1470, 6, 245.000000, 10.500000, 0.000030, 0.000925, ZIP, 5519, 34, 162.323529, 4.617647, 0.000059, 0.000975, 
trial0002368, ZIC, 1163, 6, 193.833333, 3.166667, 0.000018, 0.000410, ZIP, 3797, 34, 111.676471, 3.147059, 0.000069, 0.000907, 
trial0002369, ZIC, 675, 6, 112.500000, 3.500000, 0.000191, 0.001466, ZIP, 4397, 34, 129.323529, 3.794118, 0.000049, 0.000969, 
trial0002370, ZIC, 978, 6, 163.000000, 5.500000, 0.000090, 0.000733, ZIP, 3619, 34, 106.441176, 2.911765, 0.000044, 0.000897, 
trial0002371, ZIC, 1768, 6, 294.666667, 8.666667, 0.000160, 0.000494, ZIP, 5046, 34, 148.411765, 4.294118, 0.000035, 0.000925, 
trial0002372, ZIC, 3081, 6, 513.500000, 13.000000, 0.000007, 0.001069, ZIP, 4670, 34, 137.352941, 4.176471, 0.000053, 0.000949, 
trial0002373, ZIC, 1395, 6, 232.500000, 5.833333, 0.000090, 0.000340, ZIP, 4005, 34, 117.794118, 3.558824, 0.000060, 0.000945, 
trial0002374, ZIC, 2381, 6, 396.833333, 10.000000, 0.000058, 0.001030, ZIP, 4020, 34, 118.235294, 3.823529, 0.000068, 0.000852, 
trial0002375, ZIC, 1023, 6, 170.500000, 9.500000, 0.000119, 0.000533, ZIP, 4059, 34, 119.382353, 3.147059, 0.000055, 0.000826, 
trial0002376, ZIC, 1187, 6, 197.833333, 7.333333, 0.000036, 0.000482, ZIP, 6334, 34, 186.294118, 5.294118, 0.000040, 0.001043, 
trial0002377, ZIC, 1894, 6, 315.666667, 7.333333, 0.000020, 0.001007, ZIP, 4355, 34, 128.088235, 4.117647, 0.000036, 0.000943, 
trial0002378, ZIC, 1810, 6, 301.666667, 8.333333, 0.000095, 0.001371, ZIP, 5488, 34, 161.411765, 4.941176, 0.000029, 0.000981, 
trial0002379, ZIC, 1971, 6, 328.500000, 8.166667, 0.000017, 0.002059, ZIP, 5840, 34, 171.764706, 5.264706, 0.000071, 0.000958, 
trial0002380, ZIC, 2166, 6, 361.000000, 7.666667, 0.000040, 0.002323, ZIP, 4500, 34, 132.352941, 3.941176, 0.000056, 0.000860, 
trial0002381, ZIC, 2611, 6, 435.166667, 14.666667, 0.000021, 0.001168, ZIP, 5291, 34, 155.617647, 4.647059, 0.000066, 0.000896, 
trial0002382, ZIC, 2112, 6, 352.000000, 9.833333, 0.000072, 0.001268, ZIP, 5842, 34, 171.823529, 4.794118, 0.000033, 0.001000, 
trial0002383, ZIC, 47, 6, 7.833333, 1.166667, 0.000057, 0.000297, ZIP, 2467, 34, 72.558824, 1.970588, 0.000040, 0.000907, 
trial0002384, ZIC, 2863, 6, 477.166667, 12.000000, 0.000042, 0.001041, ZIP, 4618, 34, 135.823529, 4.470588, 0.000057, 0.000911, 
trial0002385, ZIC, 2115, 6, 352.500000, 9.166667, 0.000017, 0.000434, ZIP, 6052, 34, 178.000000, 5.382353, 0.000051, 0.000963, 
trial0002386, ZIC, 2515, 6, 419.166667, 10.833333, 0.000076, 0.001047, ZIP, 4278, 34, 125.823529, 3.852941, 0.000042, 0.000990, 
trial0002387, ZIC, 2917, 6, 486.166667, 12.666667, 0.000047, 0.001710, ZIP, 3723, 34, 109.500000, 3.411765, 0.000041, 0.000843, 
trial0002388, ZIC, 1638, 6, 273.000000, 9.500000, 0.000021, 0.000144, ZIP, 4111, 34, 120.911765, 3.382353, 0.000012, 0.000184, 
trial0002389, ZIC, 388, 6, 64.666667, 2.166667, 0.000006, 0.000032, ZIP, 4036, 34, 118.705882, 3.323529, 0.000005, 0.000095, 
trial0002390, ZIC, 530, 6, 88.333333, 4.500000, 0.000009, 0.000059, ZIP, 4392, 34, 129.176471, 3.323529, 0.000007, 0.000127, 
trial0002391, ZIC, 1996, 6, 332.666667, 9.166667, 0.000041, 0.000647, ZIP, 3936, 34, 115.764706, 3.441176, 0.000036, 0.000453, 
trial0002392, ZIC, 1174, 6, 195.666667, 6.000000, 0.000058, 0.000493, ZIP, 4685, 34, 137.794118, 4.117647, 0.000046, 0.000929, 
trial0002393, ZIC, 1415, 6, 235.833333, 5.500000, 0.000272, 0.000645, ZIP, 3413, 34, 100.382353, 2.911765, 0.000047, 0.000929, 
trial0002394, ZIC, 0, 6, 0.000000, 0.000000, 0.000082, 0.000347, ZIP, 1652, 34, 48.588235, 1.352941, 0.000032, 0.000860, 
trial0002395, ZIC, 1585, 6, 264.166667, 7.000000, 0.000038, 0.000736, ZIP, 3593, 34, 105.676471, 3.058824, 0.000045, 0.000915, 
trial0002396, ZIC, 2654, 6, 442.333333, 12.833333, 0.000032, 0.001032, ZIP, 5654, 34, 166.294118, 5.029412, 0.000061, 0.000997, 
trial0002397, ZIC, 3109, 6, 518.166667, 10.166667, 0.000225, 0.000853, ZIP, 4756, 34, 139.882353, 4.617647, 0.000059, 0.000867, 
trial0002398, ZIC, 1226, 6, 204.333333, 5.833333, 0.000128, 0.000607, ZIP, 3964, 34, 116.588235, 3.500000, 0.000047, 0.000847, 
trial0002399, ZIC, 794, 6, 132.333333, 2.333333, 0.000072, 0.000414, ZIP, 3170, 34, 93.235294, 2.823529, 0.000042, 0.000905, 
trial0002400, ZIC, 1872, 6, 312.000000, 10.666667, 0.000033, 0.000677, ZIP, 5451, 34, 160.323529, 4.470588, 0.000056, 0.000956, 
trial0002401, ZIC, 2467, 6, 411.166667, 11.333333, 0.000030, 0.001044, ZIP, 5056, 34, 148.705882, 4.529412, 0.000060, 0.000957, 
trial0002402, ZIC, 2388, 6, 398.000000, 11.500000, 0.000007, 0.001072, ZIP, 6192, 34, 182.117647, 5.441176, 0.000054, 0.001073, 
trial0002403, ZIC, 2966, 6, 494.333333, 12.000000, 0.000018, 0.000635, ZIP, 5131, 34, 150.911765, 4.588235, 0.000049, 0.000879, 
trial0002404, ZIC, 3553, 6, 592.166667, 12.166667, 0.000007, 0.000782, ZIP, 5012, 34, 147.411765, 4.970588, 0.000037, 0.000964, 
trial0002405, ZIC, 75, 6, 12.500000, 1.833333, 0.000047, 0.000347, ZIP, 3817, 34, 112.264706, 3.088235, 0.000053, 0.000926, 
trial0002406, ZIC, 231, 6, 38.500000, 4.000000, 0.000052, 0.000325, ZIP, 5780, 34, 170.000000, 4.647059, 0.000055, 0.001008, 
trial0002407, ZIC, 1096, 6, 182.666667, 6.666667, 0.000101, 0.000744, ZIP, 6494, 34, 191.000000, 5.764706, 0.000047, 0.001004, 
trial0002408, ZIC, 2080, 6, 346.666667, 7.833333, 0.000095, 0.001127, ZIP, 3805, 34, 111.911765, 3.441176, 0.000038, 0.000885, 
trial0002409, ZIC, 1534, 6, 255.666667, 5.166667, 0.000134, 0.000414, ZIP, 2404, 34, 70.705882, 2.088235, 0.000054, 0.000907, 
trial0002410, ZIC, 1767, 6, 294.500000, 7.666667, 0.000092, 0.000854, ZIP, 3764, 34, 110.705882, 3.529412, 0.000047, 0.000903, 
trial0002411, ZIC, 1598, 6, 266.333333, 11.833333, 0.000074, 0.000782, ZIP, 6107, 34, 179.617647, 4.852941, 0.000061, 0.000896, 
trial0002412, ZIC, 909, 6, 151.500000, 4.000000, 0.000089, 0.000366, ZIP, 4020, 34, 118.235294, 3.176471, 0.000039, 0.000917, 
trial0002413, ZIC, 1566, 6, 261.000000, 9.333333, 0.000119, 0.000337, ZIP, 4977, 34, 146.382353, 3.705882, 0.000038, 0.000928, 
trial0002414, ZIC, 1289, 6, 214.833333, 3.333333, 0.000028, 0.000772, ZIP, 3331, 34, 97.970588, 2.823529, 0.000045, 0.000891, 
trial0002415, ZIC, 3361, 6, 560.166667, 13.166667, 0.000019, 0.001186, ZIP, 5340, 34, 157.058824, 5.205882, 0.000058, 0.001112, 
trial0002416, ZIC, 1298, 6, 216.333333, 5.833333, 0.000061, 0.000628, ZIP, 6290, 34, 185.000000, 5.147059, 0.000038, 0.001028, 
trial0002417, ZIC, 1919, 6, 319.833333, 9.166667, 0.000053, 0.000568, ZIP, 5822, 34, 171.235294, 5.323529, 0.000045, 0.001060, 
trial0002418, ZIC, 224, 6, 37.333333, 2.166667, 0.000061, 0.000340, ZIP, 3461, 34, 101.794118, 2.970588, 0.000060, 0.000884, 
trial0002419, ZIC, 370, 6, 61.666667, 3.166667, 0.000061, 0.000568, ZIP, 6431, 34, 189.147059, 5.676471, 0.000045, 0.000991, 
trial0002420, ZIC, 1741, 6, 290.166667, 9.000000, 0.000076, 0.000496, ZIP, 5538, 34, 162.882353, 5.058824, 0.000054, 0.001001, 
trial0002421, ZIC, 929, 6, 154.833333, 6.500000, 0.000043, 0.000166, ZIP, 5252, 34, 154.470588, 4.441176, 0.000014, 0.000328, 
trial0002422, ZIC, 2009, 6, 334.833333, 7.666667, 0.000006, 0.000044, ZIP, 4350, 34, 127.941176, 3.941176, 0.000005, 0.000087, 
trial0002423, ZIC, 1642, 6, 273.666667, 9.666667, 0.000006, 0.000087, ZIP, 4832, 34, 142.117647, 4.058824, 0.000009, 0.000124, 
trial0002424, ZIC, 2133, 6, 355.500000, 9.333333, 0.000010, 0.000134, ZIP, 5877, 34, 172.852941, 5.588235, 0.000011, 0.000226, 
trial0002425, ZIC, 1923, 6, 320.500000, 8.166667, 0.000040, 0.000409, ZIP, 5726, 34, 168.411765, 5.323529, 0.000053, 0.001068, 
trial0002426, ZIC, 2363, 6, 393.833333, 6.333333, 0.000029, 0.000534, ZIP, 4108, 34, 120.823529, 4.058824, 0.000054, 0.000878, 
trial0002427, ZIC, 2971, 6, 495.166667, 11.500000, 0.000077, 0.001033, ZIP, 4614, 34, 135.705882, 4.147059, 0.000058, 0.000890, 
trial0002428, ZIC, 2550, 6, 425.000000, 12.166667, 0.000019, 0.000913, ZIP, 5999, 34, 176.441176, 5.500000, 0.000033, 0.000987, 
trial0002429, ZIC, 1321, 6, 220.166667, 7.000000, 0.000069, 0.000575, ZIP, 5931, 34, 174.441176, 5.235294, 0.000043, 0.000964, 
trial0002430, ZIC, 2140, 6, 356.666667, 11.666667, 0.000064, 0.000667, ZIP, 6765, 34, 198.970588, 6.000000, 0.000064, 0.000957, 
trial0002431, ZIC, 1317, 6, 219.500000, 9.666667, 0.000062, 0.000404, ZIP, 5422, 34, 159.470588, 4.705882, 0.000051, 0.001000, 
trial0002432, ZIC, 1474, 6, 245.666667, 8.666667, 0.000171, 0.000756, ZIP, 5529, 34, 162.617647, 4.705882, 0.000037, 0.001017, 
trial0002433, ZIC, 2285, 6, 380.833333, 10.833333, 0.000135, 0.000489, ZIP, 4258, 34, 125.235294, 3.970588, 0.000066, 0.000951, 
trial0002434, ZIC, 1861, 6, 310.166667, 8.833333, 0.000069, 0.000867, ZIP, 5880, 34, 172.941176, 4.911765, 0.000030, 0.001012, 
trial0002435, ZIC, 936, 6, 156.000000, 7.666667, 0.000050, 0.000675, ZIP, 6460, 34, 190.000000, 5.470588, 0.000053, 0.000995, 
trial0002436, ZIC, 1236, 6, 206.000000, 8.666667, 0.000018, 0.000442, ZIP, 5089, 34, 149.676471, 4.588235, 0.000068, 0.000985, 
trial0002437, ZIC, 1129, 6, 188.166667, 3.166667, 0.000073, 0.000644, ZIP, 5144, 34, 151.294118, 4.382353, 0.000062, 0.000976, 
trial0002438, ZIC, 1988, 6, 331.333333, 12.000000, 0.000091, 0.000719, ZIP, 6395, 34, 188.088235, 5.882353, 0.000072, 0.000879, 
trial0002439, ZIC, 903, 6, 150.500000, 3.666667, 0.000038, 0.000646, ZIP, 5061, 34, 148.852941, 4.235294, 0.000057, 0.000899, 
trial0002440, ZIC, 1872, 6, 312.000000, 11.166667, 0.000007, 0.000767, ZIP, 5595, 34, 164.558824, 5.323529, 0.000045, 0.001097, 
trial0002441, ZIC, 2054, 6, 342.333333, 6.333333, 0.000193, 0.000466, ZIP, 5359, 34, 157.617647, 5.117647, 0.000053, 0.001041, 
trial0002442, ZIC, 0, 6, 0.000000, 0.000000, 0.000112, 0.000359, ZIP, 2238, 34, 65.823529, 1.823529, 0.000054, 0.000834, 
trial0002443, ZIC, 585, 6, 97.500000, 6.166667, 0.000079, 0.000563, ZIP, 6040, 34, 177.647059, 5.264706, 0.000055, 0.000910, 
trial0002444, ZIC, 1727, 6, 287.833333, 6.166667, 0.000065, 0.001046, ZIP, 3277, 34, 96.382353, 2.911765, 0.000052, 0.000936, 
trial0002445, ZIC, 2349, 6, 391.500000, 9.166667, 0.000088, 0.001037, ZIP, 4725, 34, 138.970588, 4.441176, 0.000039, 0.001080, 
trial0002446, ZIC, 1766, 6, 294.333333, 8.500000, 0.000079, 0.000672, ZIP, 5355, 34, 157.500000, 4.794118, 0.000044, 0.000938, 
trial0002447, ZIC, 102, 6, 17.000000, 2.500000, 0.000049, 0.000276, ZIP, 4007, 34, 117.852941, 3.558824, 0.000060, 0.000911, 
trial0002448, ZIC, 2047, 6, 341.166667, 7.666667, 0.000069, 0.000398, ZIP, 3345, 34, 98.382353, 2.882353, 0.000056, 0.000869, 
trial0002449, ZIC, 2052, 6, 342.000000, 9.500000, 0.000023, 0.000780, ZIP, 6929, 34, 203.794118, 6.323529, 0.000049, 0.001050, 
trial0002450, ZIC, 1596, 6, 266.000000, 6.000000, 0.000051, 0.000438, ZIP, 6427, 34, 189.029412, 6.000000, 0.000034, 0.000969, 
trial0002451, ZIC, 1461, 6, 243.500000, 4.833333, 0.000018, 0.000480, ZIP, 5074, 34, 149.235294, 4.794118, 0.000054, 0.000987, 
trial0002452, ZIC, 1493, 6, 248.833333, 7.333333, 0.000017, 0.000702, ZIP, 5747, 34, 169.029412, 5.176471, 0.000048, 0.000939, 
trial0002453, ZIC, 3395, 6, 565.833333, 13.666667, 0.000037, 0.000766, ZIP, 5416, 34, 159.294118, 5.470588, 0.000049, 0.000938, 
trial0002454, ZIC, 1362, 6, 227.000000, 5.333333, 0.000049, 0.000755, ZIP, 2886, 34, 84.882353, 2.235294, 0.000046, 0.000852, 
trial0002455, ZIC, 3649, 6, 608.166667, 14.000000, 0.000006, 0.000486, ZIP, 4717, 34, 138.735294, 5.117647, 0.000014, 0.000311, 
trial0002456, ZIC, 1643, 6, 273.833333, 5.666667, 0.000006, 0.000066, ZIP, 3250, 34, 95.588235, 3.058824, 0.000005, 0.000084, 
trial0002457, ZIC, 840, 6, 140.000000, 6.000000, 0.000006, 0.000090, ZIP, 5130, 34, 150.882353, 4.823529, 0.000006, 0.000133, 
trial0002458, ZIC, 362, 6, 60.333333, 6.666667, 0.000012, 0.000080, ZIP, 4967, 34, 146.088235, 3.941176, 0.000014, 0.000250, 
trial0002459, ZIC, 851, 6, 141.833333, 5.000000, 0.000059, 0.000360, ZIP, 5034, 34, 148.058824, 4.588235, 0.000061, 0.000906, 
trial0002460, ZIC, 1236, 6, 206.000000, 4.500000, 0.000069, 0.000375, ZIP, 4140, 34, 121.764706, 3.794118, 0.000048, 0.000960, 
trial0002461, ZIC, 2007, 6, 334.500000, 10.333333, 0.000047, 0.000744, ZIP, 6188, 34, 182.000000, 5.411765, 0.000055, 0.000889, 
trial0002462, ZIC, 116, 6, 19.333333, 3.000000, 0.000072, 0.000353, ZIP, 5078, 34, 149.352941, 4.294118, 0.000059, 0.000993, 
trial0002463, ZIC, 2299, 6, 383.166667, 11.166667, 0.000107, 0.001892, ZIP, 5061, 34, 148.852941, 4.441176, 0.000028, 0.000868, 
trial0002464, ZIC, 2775, 6, 462.500000, 9.666667, 0.000063, 0.001262, ZIP, 5104, 34, 150.117647, 4.705882, 0.000040, 0.000917, 
trial0002465, ZIC, 117, 6, 19.500000, 1.166667, 0.000075, 0.000304, ZIP, 2682, 34, 78.882353, 2.205882, 0.000055, 0.000930, 
trial0002466, ZIC, 1928, 6, 321.333333, 8.833333, 0.000019, 0.000878, ZIP, 5445, 34, 160.147059, 4.852941, 0.000067, 0.000963, 
trial0002467, ZIC, 1094, 6, 182.333333, 6.666667, 0.000027, 0.000727, ZIP, 3720, 34, 109.411765, 2.823529, 0.000048, 0.000904, 
trial0002468, ZIC, 3414, 6, 569.000000, 11.000000, 0.000181, 0.001721, ZIP, 3289, 34, 96.735294, 3.117647, 0.000049, 0.000897, 
trial0002469, ZIC, 3332, 6, 555.333333, 13.333333, 0.000054, 0.001300, ZIP, 5429, 34, 159.676471, 5.294118, 0.000035, 0.000954, 
trial0002470, ZIC, 3134, 6, 522.333333, 12.666667, 0.000075, 0.000895, ZIP, 5249, 34, 154.382353, 5.117647, 0.000056, 0.000943, 
trial0002471, ZIC, 1270, 6, 211.666667, 8.166667, 0.000040, 0.000693, ZIP, 5821, 34, 171.205882, 5.264706, 0.000044, 0.001064, 
trial0002472, ZIC, 498, 6, 83.000000, 4.833333, 0.000018, 0.000830, ZIP, 4343, 34, 127.735294, 3.735294, 0.000051, 0.000916, 
trial0002473, ZIC, 1178, 6, 196.333333, 4.333333, 0.000111, 0.000359, ZIP, 3926, 34, 115.470588, 3.352941, 0.000046, 0.000937, 
trial0002474, ZIC, 770, 6, 128.333333, 5.166667, 0.000043, 0.000594, ZIP, 5424, 34, 159.529412, 4.617647, 0.000040, 0.000951, 
trial0002475, ZIC, 1199, 6, 199.833333, 5.166667, 0.000081, 0.000355, ZIP, 6360, 34, 187.058824, 5.794118, 0.000077, 0.001067, 
trial0002476, ZIC, 472, 6, 78.666667, 4.000000, 0.000087, 0.000419, ZIP, 5041, 34, 148.264706, 4.235294, 0.000058, 0.000927, 
trial0002477, ZIC, 611, 6, 101.833333, 5.666667, 0.000007, 0.000372, ZIP, 5296, 34, 155.764706, 4.470588, 0.000053, 0.000954, 
trial0002478, ZIC, 337, 6, 56.166667, 3.666667, 0.000072, 0.000382, ZIP, 5269, 34, 154.970588, 4.411765, 0.000046, 0.000956, 
trial0002479, ZIC, 1101, 6, 183.500000, 7.833333, 0.000058, 0.000991, ZIP, 6988, 34, 205.529412, 6.029412, 0.000047, 0.001080, 
trial0002480, ZIC, 1153, 6, 192.166667, 6.833333, 0.000122, 0.000789, ZIP, 6923, 34, 203.617647, 6.029412, 0.000067, 0.000966, 
trial0002481, ZIC, 2628, 6, 438.000000, 9.333333, 0.000081, 0.001391, ZIP, 6129, 34, 180.264706, 5.941176, 0.000050, 0.000989, 
trial0002482, ZIC, 1670, 6, 278.333333, 8.166667, 0.000059, 0.000473, ZIP, 6252, 34, 183.882353, 5.264706, 0.000056, 0.001018, 
trial0002483, ZIC, 1243, 6, 207.166667, 9.500000, 0.000077, 0.000395, ZIP, 5199, 34, 152.911765, 4.382353, 0.000050, 0.000956, 
trial0002484, ZIC, 680, 6, 113.333333, 6.500000, 0.000028, 0.000585, ZIP, 5536, 34, 162.823529, 4.970588, 0.000046, 0.000971, 
trial0002485, ZIC, 562, 6, 93.666667, 3.000000, 0.000070, 0.000550, ZIP, 3698, 34, 108.764706, 3.117647, 0.000046, 0.000981, 
trial0002486, ZIC, 2890, 6, 481.666667, 10.500000, 0.000017, 0.001699, ZIP, 5216, 34, 153.411765, 5.088235, 0.000043, 0.000932, 
trial0002487, ZIC, 2606, 6, 434.333333, 11.333333, 0.000028, 0.000756, ZIP, 6263, 34, 184.205882, 5.823529, 0.000046, 0.001015, 
trial0002488, ZIC, 2914, 6, 485.666667, 11.166667, 0.000150, 0.001449, ZIP, 4818, 34, 141.705882, 4.500000, 0.000041, 0.000890, 
trial0002489, ZIC, 3128, 6, 521.333333, 11.666667, 0.000006, 0.000108, ZIP, 5161, 34, 151.794118, 5.176471, 0.000009, 0.000167, 
trial0002490, ZIC, 2339, 6, 389.833333, 10.833333, 0.000006, 0.000091, ZIP, 5230, 34, 153.823529, 4.617647, 0.000005, 0.000092, 
trial0002491, ZIC, 1080, 6, 180.000000, 5.833333, 0.000009, 0.000058, ZIP, 3383, 34, 99.500000, 3.029412, 0.000007, 0.000122, 
trial0002492, ZIC, 1320, 6, 220.000000, 6.166667, 0.000012, 0.000114, ZIP, 6585, 34, 193.676471, 5.852941, 0.000019, 0.000265, 
trial0002493, ZIC, 1213, 6, 202.166667, 6.000000, 0.000064, 0.000680, ZIP, 5441, 34, 160.029412, 4.529412, 0.000059, 0.000930, 
trial0002494, ZIC, 2393, 6, 398.833333, 9.833333, 0.000058, 0.001193, ZIP, 6154, 34, 181.000000, 6.029412, 0.000045, 0.000943, 
trial0002495, ZIC, 643, 6, 107.166667, 5.500000, 0.000007, 0.000463, ZIP, 4221, 34, 124.147059, 3.382353, 0.000056, 0.000882, 
trial0002496, ZIC, 1458, 6, 243.000000, 6.333333, 0.000099, 0.000444, ZIP, 6684, 34, 196.588235, 5.647059, 0.000052, 0.001016, 
trial0002497, ZIC, 1804, 6, 300.666667, 7.333333, 0.000114, 0.000544, ZIP, 6605, 34, 194.264706, 5.941176, 0.000058, 0.001089, 
trial0002498, ZIC, 281, 6, 46.833333, 3.500000, 0.000112, 0.000377, ZIP, 6179, 34, 181.735294, 5.676471, 0.000054, 0.001087, 
trial0002499, ZIC, 1964, 6, 327.333333, 9.166667, 0.000007, 0.000339, ZIP, 5328, 34, 156.705882, 4.970588, 0.000053, 0.000974, 
trial0002500, ZIC, 3299, 6, 549.833333, 11.500000, 0.000018, 0.001174, ZIP, 4586, 34, 134.882353, 4.323529, 0.000037, 0.000891, 
trial0002501, ZIC, 700, 6, 116.666667, 6.333333, 0.000135, 0.000626, ZIP, 2375, 34, 69.852941, 5.588235, 0.000052, 0.001135, 
trial0002502, ZIC, 196, 6, 32.666667, 2.166667, 0.000117, 0.000363, ZIP, 259, 34, 7.617647, 0.558824, 0.000058, 0.000852, 
trial0002503, ZIC, 558, 6, 93.000000, 10.166667, 0.000086, 0.000813, ZIP, 1670, 34, 49.117647, 3.500000, 0.000067, 0.000938, 
trial0002504, ZIC, 257, 6, 42.833333, 4.000000, 0.000086, 0.000408, ZIP, 1197, 34, 35.205882, 2.647059, 0.000062, 0.000875, 
trial0002505, ZIC, 1224, 6, 204.000000, 11.333333, 0.000033, 0.000428, ZIP, 1695, 34, 49.852941, 4.411765, 0.000047, 0.000980, 
trial0002506, ZIC, 1062, 6, 177.000000, 7.500000, 0.000041, 0.000944, ZIP, 1233, 34, 36.264706, 3.147059, 0.000040, 0.000981, 
trial0002507, ZIC, 1139, 6, 189.833333, 9.500000, 0.000058, 0.000611, ZIP, 1253, 34, 36.852941, 3.205882, 0.000056, 0.000862, 
trial0002508, ZIC, 746, 6, 124.333333, 6.000000, 0.000075, 0.001096, ZIP, 1597, 34, 46.970588, 3.764706, 0.000059, 0.000872, 
trial0002509, ZIC, 340, 6, 56.666667, 6.333333, 0.000119, 0.000419, ZIP, 1403, 34, 41.264706, 3.235294, 0.000048, 0.000919, 
trial0002510, ZIC, 327, 6, 54.500000, 4.333333, 0.000076, 0.000503, ZIP, 921, 34, 27.088235, 1.941176, 0.000062, 0.000902, 
trial0002511, ZIC, 1283, 6, 213.833333, 11.833333, 0.000084, 0.000776, ZIP, 1178, 34, 34.647059, 3.264706, 0.000058, 0.000937, 
trial0002512, ZIC, 517, 6, 86.166667, 4.833333, 0.000092, 0.000512, ZIP, 1651, 34, 48.558824, 3.264706, 0.000050, 0.000891, 
trial0002513, ZIC, 311, 6, 51.833333, 5.000000, 0.000086, 0.000626, ZIP, 1039, 34, 30.558824, 2.117647, 0.000071, 0.000925, 
trial0002514, ZIC, 470, 6, 78.333333, 7.666667, 0.000080, 0.000488, ZIP, 1602, 34, 47.117647, 3.823529, 0.000049, 0.000962, 
trial0002515, ZIC, 149, 6, 24.833333, 2.833333, 0.000053, 0.000350, ZIP, 863, 34, 25.382353, 1.617647, 0.000051, 0.000881, 
trial0002516, ZIC, 773, 6, 128.833333, 9.666667, 0.000069, 0.000469, ZIP, 2154, 34, 63.352941, 5.352941, 0.000054, 0.001019, 
trial0002517, ZIC, 1433, 6, 238.833333, 10.166667, 0.000018, 0.000629, ZIP, 1621, 34, 47.676471, 4.676471, 0.000053, 0.001024, 
trial0002518, ZIC, 745, 6, 124.166667, 6.666667, 0.000051, 0.000747, ZIP, 1213, 34, 35.676471, 3.058824, 0.000050, 0.000878, 
trial0002519, ZIC, 770, 6, 128.333333, 6.333333, 0.000062, 0.000771, ZIP, 1516, 34, 44.588235, 3.470588, 0.000053, 0.000914, 
trial0002520, ZIC, 76, 6, 12.666667, 1.500000, 0.000066, 0.000371, ZIP, 389, 34, 11.441176, 0.676471, 0.000058, 0.000846, 
trial0002521, ZIC, 683, 6, 113.833333, 6.166667, 0.000059, 0.000290, ZIP, 1651, 34, 48.558824, 3.735294, 0.000041, 0.000716, 
trial0002522, ZIC, 1306, 6, 217.666667, 9.333333, 0.000006, 0.000080, ZIP, 1152, 34, 33.882353, 3.000000, 0.000005, 0.000094, 
trial0002523, ZIC, 1234, 6, 205.666667, 11.500000, 0.000009, 0.000115, ZIP, 1937, 34, 56.970588, 4.970588, 0.000007, 0.000116, 
trial0002524, ZIC, 377, 6, 62.833333, 3.333333, 0.000011, 0.000072, ZIP, 432, 34, 12.705882, 0.941176, 0.000011, 0.000145, 
trial0002525, ZIC, 1030, 6, 171.666667, 10.500000, 0.000050, 0.000783, ZIP, 1910, 34, 56.176471, 4.735294, 0.000021, 0.000680, 
trial0002526, ZIC, 795, 6, 132.500000, 8.000000, 0.000028, 0.000670, ZIP, 2056, 34, 60.470588, 4.941176, 0.000049, 0.001020, 
trial0002527, ZIC, 366, 6, 61.000000, 4.000000, 0.000041, 0.000310, ZIP, 1687, 34, 49.617647, 3.529412, 0.000058, 0.000947, 
trial0002528, ZIC, 583, 6, 97.166667, 5.333333, 0.000103, 0.000439, ZIP, 1673, 34, 49.205882, 3.411765, 0.000049, 0.000976, 
trial0002529, ZIC, 577, 6, 96.166667, 4.333333, 0.000058, 0.000442, ZIP, 1291, 34, 37.970588, 3.588235, 0.000045, 0.000930, 
trial0002530, ZIC, 435, 6, 72.500000, 3.333333, 0.000039, 0.000472, ZIP, 1592, 34, 46.823529, 3.647059, 0.000054, 0.000985, 
trial0002531, ZIC, 829, 6, 138.166667, 7.166667, 0.000088, 0.000970, ZIP, 1484, 34, 43.647059, 3.735294, 0.000056, 0.000973, 
trial0002532, ZIC, 23, 6, 3.833333, 0.500000, 0.000060, 0.000222, ZIP, 1078, 34, 31.705882, 2.441176, 0.000043, 0.000945, 
trial0002533, ZIC, 1348, 6, 224.666667, 11.666667, 0.000007, 0.000918, ZIP, 1382, 34, 40.647059, 3.470588, 0.000048, 0.000966, 
trial0002534, ZIC, 649, 6, 108.166667, 7.666667, 0.000029, 0.000419, ZIP, 1759, 34, 51.735294, 3.529412, 0.000064, 0.000915, 
trial0002535, ZIC, 581, 6, 96.833333, 4.166667, 0.000017, 0.000509, ZIP, 1360, 34, 40.000000, 2.911765, 0.000065, 0.000921, 
trial0002536, ZIC, 1234, 6, 205.666667, 9.333333, 0.000116, 0.000883, ZIP, 1490, 34, 43.823529, 3.647059, 0.000052, 0.001006, 
trial0002537, ZIC, 603, 6, 100.500000, 6.500000, 0.000076, 0.000579, ZIP, 1548, 34, 45.529412, 3.735294, 0.000057, 0.000855, 
trial0002538, ZIC, 1, 6, 0.166667, 0.666667, 0.000053, 0.000338, ZIP, 824, 34, 24.235294, 1.529412, 0.000050, 0.000868, 
trial0002539, ZIC, 786, 6, 131.000000, 7.166667, 0.000029, 0.000825, ZIP, 1667, 34, 49.029412, 4.029412, 0.000058, 0.000878, 
trial0002540, ZIC, 433, 6, 72.166667, 5.000000, 0.000128, 0.000393, ZIP, 1802, 34, 53.000000, 4.294118, 0.000040, 0.000992, 
trial0002541, ZIC, 514, 6, 85.666667, 6.666667, 0.000125, 0.000516, ZIP, 1013, 34, 29.794118, 2.588235, 0.000058, 0.000850, 
trial0002542, ZIC, 1018, 6, 169.666667, 11.000000, 0.000052, 0.000532, ZIP, 1945, 34, 57.205882, 4.529412, 0.000036, 0.000970, 
trial0002543, ZIC, 1052, 6, 175.333333, 7.000000, 0.000061, 0.000661, ZIP, 1053, 34, 30.970588, 2.705882, 0.000041, 0.000941, 
trial0002544, ZIC, 105, 6, 17.500000, 4.166667, 0.000097, 0.000363, ZIP, 787, 34, 23.147059, 1.735294, 0.000044, 0.000918, 
trial0002545, ZIC, 605, 6, 100.833333, 5.166667, 0.000020, 0.000552, ZIP, 1644, 34, 48.352941, 3.794118, 0.000041, 0.000919, 
trial0002546, ZIC, 956, 6, 159.333333, 10.166667, 0.000107, 0.000300, ZIP, 1828, 34, 53.764706, 4.676471, 0.000048, 0.000983, 
trial0002547, ZIC, 0, 6, 0.000000, 0.000000, 0.000119, 0.000390, ZIP, 353, 34, 10.382353, 0.588235, 0.000040, 0.000878, 
trial0002548, ZIC, 322, 6, 53.666667, 5.000000, 0.000029, 0.000489, ZIP, 1869, 34, 54.970588, 4.058824, 0.000033, 0.001023, 
trial0002549, ZIC, 453, 6, 75.500000, 6.166667, 0.000072, 0.000279, ZIP, 1556, 34, 45.764706, 3.382353, 0.000048, 0.000913, 
trial0002550, ZIC, 826, 6, 137.666667, 9.166667, 0.000091, 0.000944, ZIP, 1340, 34, 39.411765, 3.088235, 0.000054, 0.000857, 
trial0002551, ZIC, 384, 6, 64.000000, 6.500000, 0.000067, 0.000470, ZIP, 1383, 34, 40.676471, 3.205882, 0.000047, 0.000955, 
trial0002552, ZIC, 201, 6, 33.500000, 3.166667, 0.000115, 0.000429, ZIP, 1303, 34, 38.323529, 2.441176, 0.000057, 0.000959, 
trial0002553, ZIC, 759, 6, 126.500000, 7.666667, 0.000029, 0.000311, ZIP, 1705, 34, 50.147059, 3.941176, 0.000035, 0.000600, 
trial0002554, ZIC, 985, 6, 164.166667, 10.333333, 0.000006, 0.000068, ZIP, 1325, 34, 38.970588, 3.647059, 0.000005, 0.000090, 
trial0002555, ZIC, 618, 6, 103.000000, 5.500000, 0.000006, 0.000053, ZIP, 2071, 34, 60.911765, 4.617647, 0.000005, 0.000117, 
trial0002556, ZIC, 658, 6, 109.666667, 6.166667, 0.000006, 0.000143, ZIP, 1462, 34, 43.000000, 3.794118, 0.000010, 0.000180, 
trial0002557, ZIC, 609, 6, 101.500000, 5.333333, 0.000049, 0.000280, ZIP, 1544, 34, 45.411765, 4.058824, 0.000043, 0.000820, 
trial0002558, ZIC, 934, 6, 155.666667, 6.333333, 0.000050, 0.000613, ZIP, 942, 34, 27.705882, 2.352941, 0.000044, 0.000894, 
trial0002559, ZIC, 102, 6, 17.000000, 1.666667, 0.000076, 0.000378, ZIP, 998, 34, 29.352941, 2.117647, 0.000053, 0.000902, 
trial0002560, ZIC, 470, 6, 78.333333, 3.500000, 0.000042, 0.000528, ZIP, 1806, 34, 53.117647, 3.911765, 0.000060, 0.000963, 
trial0002561, ZIC, 1064, 6, 177.333333, 10.166667, 0.000095, 0.000769, ZIP, 1547, 34, 45.500000, 3.970588, 0.000065, 0.000849, 
trial0002562, ZIC, 191, 6, 31.833333, 5.500000, 0.000043, 0.000460, ZIP, 1527, 34, 44.911765, 3.500000, 0.000051, 0.000893, 
trial0002563, ZIC, 550, 6, 91.666667, 4.833333, 0.000125, 0.000439, ZIP, 1718, 34, 50.529412, 3.852941, 0.000053, 0.000921, 
trial0002564, ZIC, 462, 6, 77.000000, 6.666667, 0.000039, 0.000469, ZIP, 1366, 34, 40.176471, 3.058824, 0.000070, 0.000851, 
trial0002565, ZIC, 607, 6, 101.166667, 6.166667, 0.000028, 0.000525, ZIP, 1617, 34, 47.558824, 3.794118, 0.000037, 0.000944, 
trial0002566, ZIC, 674, 6, 112.333333, 7.000000, 0.000018, 0.000786, ZIP, 1768, 34, 52.000000, 3.823529, 0.000058, 0.000998, 
trial0002567, ZIC, 930, 6, 155.000000, 6.333333, 0.000040, 0.000885, ZIP, 1444, 34, 42.470588, 3.470588, 0.000051, 0.000924, 
trial0002568, ZIC, 795, 6, 132.500000, 9.000000, 0.000007, 0.000620, ZIP, 1364, 34, 40.117647, 3.058824, 0.000041, 0.000882, 
trial0002569, ZIC, 0, 6, 0.000000, 0.000000, 0.000074, 0.000337, ZIP, 114, 34, 3.352941, 0.235294, 0.000063, 0.000876, 
trial0002570, ZIC, 691, 6, 115.166667, 8.000000, 0.000019, 0.000262, ZIP, 1403, 34, 41.264706, 3.294118, 0.000047, 0.000880, 
trial0002571, ZIC, 764, 6, 127.333333, 6.833333, 0.000030, 0.000548, ZIP, 1730, 34, 50.882353, 3.911765, 0.000056, 0.000960, 
trial0002572, ZIC, 977, 6, 162.833333, 8.166667, 0.000032, 0.000587, ZIP, 1046, 34, 30.764706, 2.970588, 0.000038, 0.000950, 
trial0002573, ZIC, 375, 6, 62.500000, 5.166667, 0.000050, 0.000457, ZIP, 1808, 34, 53.176471, 4.147059, 0.000067, 0.000908, 
trial0002574, ZIC, 583, 6, 97.166667, 7.500000, 0.000018, 0.000743, ZIP, 1679, 34, 49.382353, 3.970588, 0.000033, 0.001038, 
trial0002575, ZIC, 899, 6, 149.833333, 8.500000, 0.000030, 0.000626, ZIP, 1235, 34, 36.323529, 3.382353, 0.000054, 0.000856, 
trial0002576, ZIC, 318, 6, 53.000000, 4.166667, 0.000080, 0.000393, ZIP, 1874, 34, 55.117647, 3.911765, 0.000052, 0.001001, 
trial0002577, ZIC, 656, 6, 109.333333, 8.666667, 0.000097, 0.000492, ZIP, 1747, 34, 51.382353, 4.352941, 0.000038, 0.000995, 
trial0002578, ZIC, 249, 6, 41.500000, 4.500000, 0.000065, 0.000395, ZIP, 1391, 34, 40.911765, 2.911765, 0.000046, 0.001046, 
trial0002579, ZIC, 452, 6, 75.333333, 6.000000, 0.000061, 0.000664, ZIP, 1574, 34, 46.294118, 3.882353, 0.000070, 0.000918, 
trial0002580, ZIC, 674, 6, 112.333333, 6.333333, 0.000061, 0.000611, ZIP, 1264, 34, 37.176471, 3.058824, 0.000055, 0.000937, 
trial0002581, ZIC, 572, 6, 95.333333, 4.500000, 0.000062, 0.000731, ZIP, 1038, 34, 30.529412, 2.147059, 0.000045, 0.000899, 
trial0002582, ZIC, 695, 6, 115.833333, 7.666667, 0.000110, 0.000606, ZIP, 1773, 34, 52.147059, 3.941176, 0.000052, 0.000955, 
trial0002583, ZIC, 118, 6, 19.666667, 3.666667, 0.000084, 0.000388, ZIP, 1536, 34, 45.176471, 3.352941, 0.000050, 0.000961, 
trial0002584, ZIC, 331, 6, 55.166667, 3.166667, 0.000052, 0.000628, ZIP, 1412, 34, 41.529412, 3.088235, 0.000050, 0.000979, 
trial0002585, ZIC, 340, 6, 56.666667, 5.166667, 0.000041, 0.000204, ZIP, 1782, 34, 52.411765, 3.794118, 0.000024, 0.000536, 
trial0002586, ZIC, 744, 6, 124.000000, 6.500000, 0.000006, 0.000053, ZIP, 1953, 34, 57.441176, 4.441176, 0.000005, 0.000094, 
trial0002587, ZIC, 1120, 6, 186.666667, 10.000000, 0.000009, 0.000111, ZIP, 1956, 34, 57.529412, 4.823529, 0.000007, 0.000120, 
trial0002588, ZIC, 1012, 6, 168.666667, 7.166667, 0.000008, 0.000140, ZIP, 1559, 34, 45.852941, 4.323529, 0.000007, 0.000176, 
trial0002589, ZIC, 145, 6, 24.166667, 2.333333, 0.000062, 0.000248, ZIP, 1368, 34, 40.235294, 2.882353, 0.000049, 0.000716, 
trial0002590, ZIC, 729, 6, 121.500000, 5.833333, 0.000090, 0.000276, ZIP, 1157, 34, 34.029412, 3.088235, 0.000053, 0.000865, 
trial0002591, ZIC, 573, 6, 95.500000, 6.666667, 0.000086, 0.000410, ZIP, 1959, 34, 57.617647, 4.529412, 0.000054, 0.000968, 
trial0002592, ZIC, 288, 6, 48.000000, 2.000000, 0.000035, 0.000312, ZIP, 477, 34, 14.029412, 0.941176, 0.000047, 0.000899, 
trial0002593, ZIC, 848, 6, 141.333333, 8.833333, 0.000060, 0.000513, ZIP, 1698, 34, 49.941176, 4.029412, 0.000056, 0.000925, 
trial0002594, ZIC, 332, 6, 55.333333, 7.166667, 0.000061, 0.000502, ZIP, 1529, 34, 44.970588, 3.852941, 0.000067, 0.000979, 
trial0002595, ZIC, 1076, 6, 179.333333, 10.833333, 0.000035, 0.000764, ZIP, 1978, 34, 58.176471, 4.676471, 0.000062, 0.000876, 
trial0002596, ZIC, 82, 6, 13.666667, 1.500000, 0.000049, 0.000355, ZIP, 1277, 34, 37.558824, 2.735294, 0.000047, 0.000910, 
trial0002597, ZIC, 1457, 6, 242.833333, 9.333333, 0.000018, 0.000925, ZIP, 1073, 34, 31.558824, 3.176471, 0.000046, 0.000871, 
trial0002598, ZIC, 14, 6, 2.333333, 0.500000, 0.000054, 0.000365, ZIP, 347, 34, 10.205882, 0.500000, 0.000042, 0.000866, 
trial0002599, ZIC, 901, 6, 150.166667, 7.666667, 0.000075, 0.000637, ZIP, 1067, 34, 31.382353, 2.764706, 0.000049, 0.000892, 
trial0002600, ZIC, 619, 6, 103.166667, 8.666667, 0.000038, 0.000388, ZIP, 2163, 34, 63.617647, 4.882353, 0.000068, 0.000891, 
trial0002601, ZIC, 387, 6, 64.500000, 4.000000, 0.000052, 0.000786, ZIP, 930, 34, 27.352941, 2.294118, 0.000063, 0.000931, 
trial0002602, ZIC, 459, 6, 76.500000, 4.000000, 0.000067, 0.000622, ZIP, 1405, 34, 41.323529, 3.235294, 0.000040, 0.000917, 
trial0002603, ZIC, 657, 6, 109.500000, 8.500000, 0.000065, 0.000403, ZIP, 1462, 34, 43.000000, 3.500000, 0.000037, 0.000919, 
trial0002604, ZIC, 573, 6, 95.500000, 6.000000, 0.000061, 0.000545, ZIP, 1514, 34, 44.529412, 4.117647, 0.000041, 0.000995, 
trial0002605, ZIC, 557, 6, 92.833333, 7.166667, 0.000032, 0.000574, ZIP, 916, 34, 26.941176, 2.676471, 0.000055, 0.000864, 
trial0002606, ZIC, 299, 6, 49.833333, 4.000000, 0.000093, 0.000336, ZIP, 1183, 34, 34.794118, 3.235294, 0.000066, 0.000969, 
trial0002607, ZIC, 430, 6, 71.666667, 6.500000, 0.000086, 0.000603, ZIP, 1673, 34, 49.205882, 4.029412, 0.000041, 0.000931, 
trial0002608, ZIC, 876, 6, 146.000000, 7.833333, 0.000081, 0.000639, ZIP, 1726, 34, 50.764706, 4.676471, 0.000043, 0.000891, 
trial0002609, ZIC, 516, 6, 86.000000, 6.000000, 0.000040, 0.000642, ZIP, 1896, 34, 55.764706, 4.411765, 0.000041, 0.000938, 
trial0002610, ZIC, 475, 6, 79.166667, 6.000000, 0.000018, 0.000526, ZIP, 1210, 34, 35.588235, 3.058824, 0.000053, 0.000920, 
trial0002611, ZIC, 1136, 6, 189.333333, 9.000000, 0.000029, 0.000987, ZIP, 1339, 34, 39.382353, 3.882353, 0.000070, 0.000958, 
trial0002612, ZIC, 557, 6, 92.833333, 6.333333, 0.000038, 0.000861, ZIP, 1875, 34, 55.147059, 4.470588, 0.000041, 0.000960, 
trial0002613, ZIC, 196, 6, 32.666667, 3.000000, 0.000117, 0.000236, ZIP, 1500, 34, 44.117647, 3.411765, 0.000059, 0.000886, 
trial0002614, ZIC, 18, 6, 3.000000, 0.500000, 0.000040, 0.000298, ZIP, 402, 34, 11.823529, 0.735294, 0.000058, 0.000890, 
trial0002615, ZIC, 167, 6, 27.833333, 3.166667, 0.000041, 0.000380, ZIP, 1103, 34, 32.441176, 2.617647, 0.000051, 0.000883, 
trial0002616, ZIC, 785, 6, 130.833333, 7.500000, 0.000030, 0.000717, ZIP, 1389, 34, 40.852941, 3.852941, 0.000058, 0.000943, 
trial0002617, ZIC, 495, 6, 82.500000, 5.333333, 0.000030, 0.000404, ZIP, 959, 34, 28.205882, 2.588235, 0.000030, 0.000483, 
trial0002618, ZIC, 509, 6, 84.833333, 3.333333, 0.000006, 0.000050, ZIP, 1126, 34, 33.117647, 2.705882, 0.000005, 0.000085, 
trial0002619, ZIC, 1199, 6, 199.833333, 9.500000, 0.000006, 0.000108, ZIP, 788, 34, 23.176471, 2.617647, 0.000006, 0.000130, 
trial0002620, ZIC, 829, 6, 138.166667, 9.833333, 0.000021, 0.000176, ZIP, 1067, 34, 31.382353, 3.264706, 0.000009, 0.000205, 
trial0002621, ZIC, 736, 6, 122.666667, 7.333333, 0.000039, 0.000898, ZIP, 985, 34, 28.970588, 2.529412, 0.000059, 0.000897, 
trial0002622, ZIC, 643, 6, 107.166667, 7.000000, 0.000060, 0.000769, ZIP, 1623, 34, 47.735294, 4.000000, 0.000052, 0.000849, 
trial0002623, ZIC, 250, 6, 41.666667, 4.666667, 0.000080, 0.000344, ZIP, 1084, 34, 31.882353, 2.705882, 0.000062, 0.000908, 
trial0002624, ZIC, 996, 6, 166.000000, 8.000000, 0.000102, 0.000863, ZIP, 837, 34, 24.617647, 2.705882, 0.000031, 0.000885, 
trial0002625, ZIC, 796, 6, 132.666667, 6.833333, 0.000041, 0.000659, ZIP, 890, 34, 26.176471, 2.441176, 0.000046, 0.000933, 
trial0002626, ZIC, 509, 6, 84.833333, 5.666667, 0.000018, 0.000546, ZIP, 980, 34, 28.823529, 2.470588, 0.000042, 0.000907, 
trial0002627, ZIC, 1324, 6, 220.666667, 9.166667, 0.000115, 0.000526, ZIP, 1396, 34, 41.058824, 3.676471, 0.000044, 0.001012, 
trial0002628, ZIC, 525, 6, 87.500000, 6.166667, 0.000036, 0.000487, ZIP, 1471, 34, 43.264706, 3.970588, 0.000053, 0.000938, 
trial0002629, ZIC, 420, 6, 70.000000, 7.500000, 0.000127, 0.000396, ZIP, 1259, 34, 37.029412, 2.911765, 0.000046, 0.000916, 
trial0002630, ZIC, 551, 6, 91.833333, 7.000000, 0.000084, 0.000549, ZIP, 903, 34, 26.558824, 2.000000, 0.000054, 0.000907, 
trial0002631, ZIC, 461, 6, 76.833333, 3.833333, 0.000142, 0.000441, ZIP, 1476, 34, 43.411765, 3.500000, 0.000059, 0.000911, 
trial0002632, ZIC, 379, 6, 63.166667, 4.000000, 0.000021, 0.000518, ZIP, 1080, 34, 31.764706, 2.647059, 0.000051, 0.000954, 
trial0002633, ZIC, 575, 6, 95.833333, 4.166667, 0.000050, 0.000702, ZIP, 883, 34, 25.970588, 2.205882, 0.000042, 0.000904, 
trial0002634, ZIC, 370, 6, 61.666667, 4.000000, 0.000040, 0.000670, ZIP, 1279, 34, 37.617647, 2.647059, 0.000039, 0.000867, 
trial0002635, ZIC, 977, 6, 162.833333, 6.333333, 0.000018, 0.000749, ZIP, 980, 34, 28.823529, 3.058824, 0.000068, 0.000877, 
trial0002636, ZIC, 289, 6, 48.166667, 3.833333, 0.000075, 0.000270, ZIP, 1258, 34, 37.000000, 3.205882, 0.000049, 0.000953, 
trial0002637, ZIC, 578, 6, 96.333333, 6.333333, 0.000028, 0.000563, ZIP, 1526, 34, 44.882353, 3.941176, 0.000053, 0.000923, 
trial0002638, ZIC, 1264, 6, 210.666667, 10.666667, 0.000031, 0.000711, ZIP, 1640, 34, 48.235294, 4.470588, 0.000041, 0.000950, 
trial0002639, ZIC, 478, 6, 79.666667, 8.500000, 0.000049, 0.000396, ZIP, 1927, 34, 56.676471, 4.794118, 0.000051, 0.000997, 
trial0002640, ZIC, 565, 6, 94.166667, 6.500000, 0.000131, 0.000729, ZIP, 1273, 34, 37.441176, 3.029412, 0.000062, 0.000852, 
trial0002641, ZIC, 406, 6, 67.666667, 4.500000, 0.000043, 0.000596, ZIP, 1457, 34, 42.852941, 3.970588, 0.000046, 0.000933, 
trial0002642, ZIC, 265, 6, 44.166667, 4.166667, 0.000038, 0.000511, ZIP, 1231, 34, 36.205882, 2.911765, 0.000063, 0.000961, 
trial0002643, ZIC, 723, 6, 120.500000, 7.166667, 0.000039, 0.000649, ZIP, 1212, 34, 35.647059, 3.264706, 0.000060, 0.000888, 
trial0002644, ZIC, 642, 6, 107.000000, 7.000000, 0.000070, 0.000602, ZIP, 1890, 34, 55.588235, 4.529412, 0.000037, 0.000940, 
trial0002645, ZIC, 51, 6, 8.500000, 2.333333, 0.000072, 0.000518, ZIP, 632, 34, 18.588235, 1.352941, 0.000066, 0.000863, 
trial0002646, ZIC, 351, 6, 58.500000, 5.666667, 0.000040, 0.000537, ZIP, 946, 34, 27.823529, 2.470588, 0.000042, 0.000930, 
trial0002647, ZIC, 811, 6, 135.166667, 7.500000, 0.000047, 0.000540, ZIP, 1327, 34, 39.029412, 3.558824, 0.000060, 0.000916, 
trial0002648, ZIC, 716, 6, 119.333333, 8.500000, 0.000076, 0.000400, ZIP, 1653, 34, 48.617647, 4.500000, 0.000054, 0.000985, 
trial0002649, ZIC, 604, 6, 100.666667, 7.666667, 0.000006, 0.000107, ZIP, 1561, 34, 45.911765, 3.705882, 0.000021, 0.000272, 
trial0002650, ZIC, 843, 6, 140.500000, 6.833333, 0.000006, 0.000069, ZIP, 1054, 34, 31.000000, 2.794118, 0.000005, 0.000086, 
trial0002651, ZIC, 878, 6, 146.333333, 6.166667, 0.000009, 0.000084, ZIP, 1653, 34, 48.617647, 4.323529, 0.000006, 0.000132, 
trial0002652, ZIC, 964, 6, 160.666667, 9.666667, 0.000017, 0.000153, ZIP, 1427, 34, 41.970588, 3.588235, 0.000016, 0.000250, 
trial0002653, ZIC, 617, 6, 102.833333, 8.000000, 0.000058, 0.000541, ZIP, 1462, 34, 43.000000, 3.529412, 0.000041, 0.000932, 
trial0002654, ZIC, 205, 6, 34.166667, 5.333333, 0.000068, 0.000443, ZIP, 1815, 34, 53.382353, 4.000000, 0.000050, 0.000915, 
trial0002655, ZIC, 741, 6, 123.500000, 7.000000, 0.000055, 0.001064, ZIP, 888, 34, 26.117647, 2.823529, 0.000048, 0.000907, 
trial0002656, ZIC, 895, 6, 149.166667, 9.333333, 0.000135, 0.000672, ZIP, 999, 34, 29.382353, 2.823529, 0.000039, 0.000911, 
trial0002657, ZIC, 575, 6, 95.833333, 5.500000, 0.000191, 0.000627, ZIP, 1274, 34, 37.470588, 3.205882, 0.000064, 0.000890, 
trial0002658, ZIC, 101, 6, 16.833333, 2.833333, 0.000062, 0.000409, ZIP, 1211, 34, 35.617647, 2.970588, 0.000042, 0.000948, 
trial0002659, ZIC, 675, 6, 112.500000, 6.000000, 0.000038, 0.000766, ZIP, 1086, 34, 31.941176, 2.882353, 0.000048, 0.000881, 
trial0002660, ZIC, 900, 6, 150.000000, 8.333333, 0.000156, 0.000622, ZIP, 1511, 34, 44.441176, 3.705882, 0.000062, 0.001015, 
trial0002661, ZIC, 1030, 6, 171.666667, 9.500000, 0.000041, 0.001221, ZIP, 988, 34, 29.058824, 3.147059, 0.000038, 0.001073, 
trial0002662, ZIC, 265, 6, 44.166667, 3.333333, 0.000086, 0.000450, ZIP, 1031, 34, 30.323529, 2.294118, 0.000046, 0.000906, 
trial0002663, ZIC, 483, 6, 80.500000, 5.333333, 0.000096, 0.000535, ZIP, 1304, 34, 38.352941, 3.058824, 0.000054, 0.000901, 
trial0002664, ZIC, 654, 6, 109.000000, 5.166667, 0.000083, 0.000702, ZIP, 1584, 34, 46.588235, 3.970588, 0.000055, 0.000861, 
trial0002665, ZIC, 910, 6, 151.666667, 7.666667, 0.000104, 0.000600, ZIP, 1032, 34, 30.352941, 2.470588, 0.000056, 0.000878, 
trial0002666, ZIC, 880, 6, 146.666667, 9.500000, 0.000040, 0.001292, ZIP, 1389, 34, 40.852941, 3.735294, 0.000049, 0.000946, 
trial0002667, ZIC, 87, 6, 14.500000, 2.500000, 0.000113, 0.000323, ZIP, 1083, 34, 31.852941, 2.382353, 0.000056, 0.000939, 
trial0002668, ZIC, 54, 6, 9.000000, 2.333333, 0.000042, 0.000402, ZIP, 541, 34, 15.911765, 1.176471, 0.000057, 0.000881, 
trial0002669, ZIC, 921, 6, 153.500000, 8.666667, 0.000098, 0.000995, ZIP, 1703, 34, 50.088235, 4.235294, 0.000040, 0.000986, 
trial0002670, ZIC, 1073, 6, 178.833333, 8.833333, 0.000040, 0.001295, ZIP, 1814, 34, 53.352941, 5.205882, 0.000052, 0.001076, 
trial0002671, ZIC, 511, 6, 85.166667, 6.166667, 0.000061, 0.000525, ZIP, 1094, 34, 32.176471, 3.147059, 0.000054, 0.000879, 
trial0002672, ZIC, 414, 6, 69.000000, 7.166667, 0.000032, 0.000373, ZIP, 2511, 34, 73.852941, 5.676471, 0.000043, 0.001038, 
trial0002673, ZIC, 668, 6, 111.333333, 9.166667, 0.000069, 0.000533, ZIP, 1900, 34, 55.882353, 4.441176, 0.000059, 0.000934, 
trial0002674, ZIC, 932, 6, 155.333333, 8.666667, 0.000019, 0.000856, ZIP, 1231, 34, 36.205882, 3.529412, 0.000045, 0.000946, 
trial0002675, ZIC, 409, 6, 68.166667, 3.666667, 0.000059, 0.000414, ZIP, 1180, 34, 34.705882, 2.764706, 0.000056, 0.000948, 
trial0002676, ZIC, 186, 6, 31.000000, 3.333333, 0.000123, 0.000448, ZIP, 907, 34, 26.676471, 2.235294, 0.000035, 0.000947, 
trial0002677, ZIC, 660, 6, 110.000000, 6.666667, 0.000123, 0.000868, ZIP, 1139, 34, 33.500000, 2.823529, 0.000043, 0.000850, 
trial0002678, ZIC, 586, 6, 97.666667, 7.166667, 0.000020, 0.000632, ZIP, 588, 34, 17.294118, 1.558824, 0.000063, 0.000916, 
trial0002679, ZIC, 557, 6, 92.833333, 6.500000, 0.000171, 0.000774, ZIP, 1279, 34, 37.617647, 3.088235, 0.000056, 0.000906, 
trial0002680, ZIC, 713, 6, 118.833333, 8.833333, 0.000064, 0.000462, ZIP, 1612, 34, 47.411765, 4.147059, 0.000042, 0.000930, 
trial0002681, ZIC, 427, 6, 71.166667, 5.166667, 0.000007, 0.000080, ZIP, 1609, 34, 47.323529, 3.558824, 0.000008, 0.000285, 
trial0002682, ZIC, 792, 6, 132.000000, 6.166667, 0.000006, 0.000068, ZIP, 1410, 34, 41.470588, 3.676471, 0.000005, 0.000090, 
trial0002683, ZIC, 505, 6, 84.166667, 4.666667, 0.000009, 0.000073, ZIP, 991, 34, 29.147059, 2.882353, 0.000007, 0.000122, 
trial0002684, ZIC, 897, 6, 149.500000, 6.333333, 0.000047, 0.000222, ZIP, 1376, 34, 40.470588, 3.823529, 0.000018, 0.000334, 
trial0002685, ZIC, 533, 6, 88.833333, 4.000000, 0.000085, 0.000924, ZIP, 992, 34, 29.176471, 2.352941, 0.000043, 0.000910, 
trial0002686, ZIC, 3, 6, 0.500000, 0.166667, 0.000039, 0.000366, ZIP, 496, 34, 14.588235, 0.852941, 0.000047, 0.000832, 
trial0002687, ZIC, 36, 6, 6.000000, 0.833333, 0.000070, 0.000422, ZIP, 348, 34, 10.235294, 0.676471, 0.000050, 0.000833, 
trial0002688, ZIC, 50, 6, 8.333333, 2.666667, 0.000051, 0.000304, ZIP, 1307, 34, 38.441176, 2.705882, 0.000047, 0.000908, 
trial0002689, ZIC, 469, 6, 78.166667, 9.833333, 0.000100, 0.000353, ZIP, 1424, 34, 41.882353, 3.735294, 0.000048, 0.000947, 
trial0002690, ZIC, 243, 6, 40.500000, 6.666667, 0.000037, 0.000530, ZIP, 1312, 34, 38.588235, 3.000000, 0.000062, 0.000878, 
trial0002691, ZIC, 120, 6, 20.000000, 2.833333, 0.000092, 0.000514, ZIP, 731, 34, 21.500000, 1.852941, 0.000048, 0.000909, 
trial0002692, ZIC, 907, 6, 151.166667, 6.833333, 0.000029, 0.000603, ZIP, 1078, 34, 31.705882, 3.029412, 0.000045, 0.000976, 
trial0002693, ZIC, 720, 6, 120.000000, 6.333333, 0.000102, 0.000606, ZIP, 1269, 34, 37.323529, 3.235294, 0.000050, 0.000889, 
trial0002694, ZIC, 116, 6, 19.333333, 3.166667, 0.000085, 0.000460, ZIP, 1469, 34, 43.205882, 3.676471, 0.000046, 0.000938, 
trial0002695, ZIC, 649, 6, 108.166667, 9.333333, 0.000094, 0.000526, ZIP, 1593, 34, 46.852941, 3.705882, 0.000051, 0.000900, 
trial0002696, ZIC, 310, 6, 51.666667, 3.833333, 0.000053, 0.000532, ZIP, 1538, 34, 45.235294, 3.911765, 0.000047, 0.000922, 
trial0002697, ZIC, 19, 6, 3.166667, 1.500000, 0.000079, 0.000434, ZIP, 540, 34, 15.882353, 1.029412, 0.000051, 0.000875, 
trial0002698, ZIC, 351, 6, 58.500000, 5.000000, 0.000027, 0.000635, ZIP, 1115, 34, 32.794118, 2.764706, 0.000043, 0.000880, 
trial0002699, ZIC, 420, 6, 70.000000, 5.833333, 0.000039, 0.000782, ZIP, 1984, 34, 58.352941, 5.382353, 0.000059, 0.000876, 
trial0002700, ZIC, 266, 6, 44.333333, 4.666667, 0.000051, 0.000311, ZIP, 1547, 34, 45.500000, 3.470588, 0.000062, 0.000859, 
trial0002701, ZIC, 2365, 6, 394.166667, 11.000000, 0.000098, 0.001067, ZIP, 2285, 34, 67.205882, 3.294118, 0.000045, 0.000911, 
trial0002702, ZIC, 759, 6, 126.500000, 3.500000, 0.000144, 0.000915, ZIP, 2206, 34, 64.882353, 2.970588, 0.000046, 0.000916, 
trial0002703, ZIC, 481, 6, 80.166667, 4.166667, 0.000113, 0.000400, ZIP, 2759, 34, 81.147059, 3.735294, 0.000053, 0.000884, 
trial0002704, ZIC, 1172, 6, 195.333333, 6.500000, 0.000029, 0.000859, ZIP, 2031, 34, 59.735294, 2.735294, 0.000039, 0.000951, 
trial0002705, ZIC, 1026, 6, 171.000000, 7.833333, 0.000070, 0.000847, ZIP, 3439, 34, 101.147059, 4.500000, 0.000040, 0.001035, 
trial0002706, ZIC, 959, 6, 159.833333, 6.500000, 0.000076, 0.000592, ZIP, 1619, 34, 47.617647, 2.029412, 0.000058, 0.000889, 
trial0002707, ZIC, 1094, 6, 182.333333, 7.333333, 0.000157, 0.000578, ZIP, 2692, 34, 79.176471, 3.529412, 0.000059, 0.000922, 
trial0002708, ZIC, 640, 6, 106.666667, 5.000000, 0.000137, 0.000547, ZIP, 2244, 34, 66.000000, 3.058824, 0.000031, 0.000895, 
trial0002709, ZIC, 0, 6, 0.000000, 0.000000, 0.000070, 0.000332, ZIP, 706, 34, 20.764706, 0.823529, 0.000043, 0.000948, 
trial0002710, ZIC, 895, 6, 149.166667, 5.166667, 0.000059, 0.000499, ZIP, 2346, 34, 69.000000, 3.441176, 0.000077, 0.000964, 
trial0002711, ZIC, 532, 6, 88.666667, 6.000000, 0.000094, 0.000494, ZIP, 3027, 34, 89.029412, 4.294118, 0.000063, 0.000935, 
trial0002712, ZIC, 999, 6, 166.500000, 9.666667, 0.000032, 0.000366, ZIP, 2859, 34, 84.088235, 3.882353, 0.000030, 0.000596, 
trial0002713, ZIC, 1179, 6, 196.500000, 6.333333, 0.000006, 0.000106, ZIP, 2597, 34, 76.382353, 3.529412, 0.000005, 0.000087, 
trial0002714, ZIC, 1582, 6, 263.666667, 6.333333, 0.000006, 0.000127, ZIP, 1869, 34, 54.970588, 2.764706, 0.000007, 0.000105, 
trial0002715, ZIC, 637, 6, 106.166667, 6.666667, 0.000010, 0.000112, ZIP, 2454, 34, 72.176471, 3.058824, 0.000008, 0.000159, 
trial0002716, ZIC, 661, 6, 110.166667, 9.000000, 0.000011, 0.000568, ZIP, 3324, 34, 97.764706, 4.117647, 0.000043, 0.000754, 
trial0002717, ZIC, 1562, 6, 260.333333, 9.833333, 0.000057, 0.001114, ZIP, 3560, 34, 104.705882, 4.382353, 0.000055, 0.000932, 
trial0002718, ZIC, 283, 6, 47.166667, 5.166667, 0.000058, 0.000412, ZIP, 2638, 34, 77.588235, 3.382353, 0.000061, 0.000913, 
trial0002719, ZIC, 561, 6, 93.500000, 3.166667, 0.000040, 0.000557, ZIP, 2367, 34, 69.617647, 2.970588, 0.000052, 0.000938, 
trial0002720, ZIC, 1822, 6, 303.666667, 11.166667, 0.000156, 0.000933, ZIP, 3358, 34, 98.764706, 4.676471, 0.000055, 0.000924, 
trial0002721, ZIC, 2029, 6, 338.166667, 11.500000, 0.000110, 0.001015, ZIP, 2632, 34, 77.411765, 3.676471, 0.000047, 0.000920, 
trial0002722, ZIC, 1916, 6, 319.333333, 12.000000, 0.000085, 0.001338, ZIP, 2417, 34, 71.088235, 3.588235, 0.000080, 0.000854, 
trial0002723, ZIC, 1336, 6, 222.666667, 6.333333, 0.000038, 0.000499, ZIP, 3371, 34, 99.147059, 4.705882, 0.000049, 0.000898, 
trial0002724, ZIC, 669, 6, 111.500000, 5.000000, 0.000060, 0.000640, ZIP, 2734, 34, 80.411765, 3.941176, 0.000031, 0.000946, 
trial0002725, ZIC, 278, 6, 46.333333, 6.000000, 0.000076, 0.000431, ZIP, 2781, 34, 81.794118, 3.470588, 0.000061, 0.000875, 
trial0002726, ZIC, 697, 6, 116.166667, 5.666667, 0.000039, 0.000305, ZIP, 2944, 34, 86.588235, 3.588235, 0.000049, 0.000899, 
trial0002727, ZIC, 102, 6, 17.000000, 2.500000, 0.000060, 0.000445, ZIP, 2146, 34, 63.117647, 2.676471, 0.000065, 0.000899, 
trial0002728, ZIC, 1617, 6, 269.500000, 7.333333, 0.000063, 0.001057, ZIP, 2601, 34, 76.500000, 4.000000, 0.000043, 0.000933, 
trial0002729, ZIC, 854, 6, 142.333333, 8.000000, 0.000105, 0.000327, ZIP, 3217, 34, 94.617647, 4.470588, 0.000039, 0.001013, 
trial0002730, ZIC, 1280, 6, 213.333333, 8.500000, 0.000031, 0.000784, ZIP, 2670, 34, 78.529412, 3.794118, 0.000052, 0.000902, 
trial0002731, ZIC, 253, 6, 42.166667, 3.000000, 0.000154, 0.000427, ZIP, 1705, 34, 50.147059, 2.176471, 0.000056, 0.000949, 
trial0002732, ZIC, 218, 6, 36.333333, 1.500000, 0.000088, 0.000266, ZIP, 1988, 34, 58.470588, 2.558824, 0.000052, 0.000948, 
trial0002733, ZIC, 868, 6, 144.666667, 6.500000, 0.000084, 0.000516, ZIP, 3211, 34, 94.441176, 4.205882, 0.000057, 0.000903, 
trial0002734, ZIC, 854, 6, 142.333333, 4.833333, 0.000059, 0.000579, ZIP, 2624, 34, 77.176471, 3.735294, 0.000046, 0.000946, 
trial0002735, ZIC, 1451, 6, 241.833333, 11.000000, 0.000083, 0.000614, ZIP, 3617, 34, 106.382353, 5.117647, 0.000039, 0.000934, 
trial0002736, ZIC, 1054, 6, 175.666667, 6.333333, 0.000038, 0.000515, ZIP, 3113, 34, 91.558824, 4.117647, 0.000060, 0.000985, 
trial0002737, ZIC, 1263, 6, 210.500000, 8.833333, 0.000076, 0.000636, ZIP, 2632, 34, 77.411765, 3.676471, 0.000049, 0.000896, 
trial0002738, ZIC, 118, 6, 19.666667, 4.333333, 0.000054, 0.000353, ZIP, 2315, 34, 68.088235, 2.941176, 0.000046, 0.000957, 
trial0002739, ZIC, 2105, 6, 350.833333, 11.833333, 0.000056, 0.000969, ZIP, 2559, 34, 75.264706, 3.911765, 0.000039, 0.000984, 
trial0002740, ZIC, 310, 6, 51.666667, 6.166667, 0.000130, 0.000374, ZIP, 3065, 34, 90.147059, 3.735294, 0.000057, 0.000924, 
trial0002741, ZIC, 1289, 6, 214.833333, 7.000000, 0.000029, 0.000503, ZIP, 2470, 34, 72.647059, 3.352941, 0.000068, 0.000877, 
trial0002742, ZIC, 503, 6, 83.833333, 5.166667, 0.000073, 0.000535, ZIP, 3043, 34, 89.500000, 3.794118, 0.000038, 0.000930, 
trial0002743, ZIC, 1712, 6, 285.333333, 6.333333, 0.000071, 0.001452, ZIP, 2478, 34, 72.882353, 3.823529, 0.000051, 0.000968, 
trial0002744, ZIC, 1674, 6, 279.000000, 9.666667, 0.000042, 0.000930, ZIP, 2868, 34, 84.352941, 4.176471, 0.000065, 0.000916, 
trial0002745, ZIC, 1057, 6, 176.166667, 9.666667, 0.000007, 0.000326, ZIP, 3075, 34, 90.441176, 4.000000, 0.000026, 0.000447, 
trial0002746, ZIC, 1939, 6, 323.166667, 10.000000, 0.000006, 0.000107, ZIP, 2665, 34, 78.382353, 4.117647, 0.000005, 0.000086, 
trial0002747, ZIC, 1230, 6, 205.000000, 7.166667, 0.000006, 0.000102, ZIP, 1625, 34, 47.794118, 2.029412, 0.000005, 0.000110, 
trial0002748, ZIC, 645, 6, 107.500000, 4.500000, 0.000022, 0.000129, ZIP, 2530, 34, 74.411765, 2.852941, 0.000009, 0.000197, 
trial0002749, ZIC, 1484, 6, 247.333333, 8.833333, 0.000027, 0.001761, ZIP, 2603, 34, 76.558824, 3.911765, 0.000047, 0.000922, 
trial0002750, ZIC, 1193, 6, 198.833333, 8.166667, 0.000043, 0.000925, ZIP, 2210, 34, 65.000000, 3.088235, 0.000057, 0.000879, 
trial0002751, ZIC, 1236, 6, 206.000000, 6.833333, 0.000040, 0.001471, ZIP, 3033, 34, 89.205882, 4.441176, 0.000041, 0.000979, 
trial0002752, ZIC, 1023, 6, 170.500000, 8.333333, 0.000028, 0.000997, ZIP, 2766, 34, 81.352941, 3.529412, 0.000043, 0.000890, 
trial0002753, ZIC, 418, 6, 69.666667, 5.166667, 0.000090, 0.000535, ZIP, 2162, 34, 63.588235, 2.794118, 0.000053, 0.000890, 
trial0002754, ZIC, 2028, 6, 338.000000, 10.500000, 0.000043, 0.001723, ZIP, 2195, 34, 64.558824, 3.323529, 0.000045, 0.000910, 
trial0002755, ZIC, 1600, 6, 266.666667, 6.333333, 0.000149, 0.000598, ZIP, 2934, 34, 86.294118, 4.235294, 0.000052, 0.001007, 
trial0002756, ZIC, 936, 6, 156.000000, 8.500000, 0.000069, 0.000892, ZIP, 2866, 34, 84.294118, 3.970588, 0.000067, 0.000869, 
trial0002757, ZIC, 932, 6, 155.333333, 5.500000, 0.000040, 0.000457, ZIP, 2401, 34, 70.617647, 3.205882, 0.000036, 0.000959, 
trial0002758, ZIC, 410, 6, 68.333333, 4.666667, 0.000064, 0.000340, ZIP, 2246, 34, 66.058824, 3.000000, 0.000053, 0.000887, 
trial0002759, ZIC, 1597, 6, 266.166667, 10.166667, 0.000049, 0.000669, ZIP, 2549, 34, 74.970588, 3.500000, 0.000056, 0.000988, 
trial0002760, ZIC, 1064, 6, 177.333333, 6.166667, 0.000049, 0.000608, ZIP, 2950, 34, 86.764706, 4.029412, 0.000055, 0.000952, 
trial0002761, ZIC, 665, 6, 110.833333, 5.833333, 0.000063, 0.000328, ZIP, 3395, 34, 99.852941, 4.558824, 0.000049, 0.000974, 
trial0002762, ZIC, 547, 6, 91.166667, 4.166667, 0.000007, 0.000557, ZIP, 3354, 34, 98.647059, 4.500000, 0.000042, 0.000953, 
trial0002763, ZIC, 1603, 6, 267.166667, 10.166667, 0.000063, 0.001078, ZIP, 1905, 34, 56.029412, 2.676471, 0.000050, 0.000857, 
trial0002764, ZIC, 1187, 6, 197.833333, 7.833333, 0.000050, 0.000619, ZIP, 2331, 34, 68.558824, 3.205882, 0.000052, 0.001003, 
trial0002765, ZIC, 1395, 6, 232.500000, 9.000000, 0.000085, 0.000834, ZIP, 2477, 34, 72.852941, 3.235294, 0.000031, 0.000936, 
trial0002766, ZIC, 1357, 6, 226.166667, 9.500000, 0.000087, 0.001129, ZIP, 3585, 34, 105.441176, 4.735294, 0.000056, 0.000928, 
trial0002767, ZIC, 991, 6, 165.166667, 5.500000, 0.000081, 0.000576, ZIP, 2624, 34, 77.176471, 3.500000, 0.000044, 0.000894, 
trial0002768, ZIC, 0, 6, 0.000000, 0.000000, 0.000104, 0.000376, ZIP, 1731, 34, 50.911765, 1.941176, 0.000044, 0.000978, 
trial0002769, ZIC, 517, 6, 86.166667, 5.666667, 0.000066, 0.000310, ZIP, 2628, 34, 77.294118, 3.117647, 0.000051, 0.000873, 
trial0002770, ZIC, 817, 6, 136.166667, 6.333333, 0.000049, 0.000737, ZIP, 3321, 34, 97.676471, 4.705882, 0.000054, 0.000941, 
trial0002771, ZIC, 579, 6, 96.500000, 6.500000, 0.000019, 0.000417, ZIP, 3966, 34, 116.647059, 5.088235, 0.000060, 0.001036, 
trial0002772, ZIC, 707, 6, 117.833333, 7.500000, 0.000080, 0.000498, ZIP, 2550, 34, 75.000000, 3.441176, 0.000038, 0.001001, 
trial0002773, ZIC, 1455, 6, 242.500000, 6.500000, 0.000132, 0.001111, ZIP, 2522, 34, 74.176471, 3.500000, 0.000067, 0.000893, 
trial0002774, ZIC, 4, 6, 0.666667, 0.166667, 0.000069, 0.000227, ZIP, 1044, 34, 30.705882, 1.205882, 0.000042, 0.000825, 
trial0002775, ZIC, 1481, 6, 246.833333, 13.833333, 0.000056, 0.000469, ZIP, 2786, 34, 81.941176, 4.264706, 0.000044, 0.000916, 
trial0002776, ZIC, 919, 6, 153.166667, 4.333333, 0.000035, 0.000394, ZIP, 1830, 34, 53.823529, 2.235294, 0.000051, 0.000948, 
trial0002777, ZIC, 1789, 6, 298.166667, 6.333333, 0.000038, 0.000783, ZIP, 2312, 34, 68.000000, 3.588235, 0.000038, 0.000843, 
trial0002778, ZIC, 454, 6, 75.666667, 2.500000, 0.000006, 0.000035, ZIP, 969, 34, 28.500000, 1.088235, 0.000005, 0.000085, 
trial0002779, ZIC, 1111, 6, 185.166667, 6.333333, 0.000009, 0.000085, ZIP, 3613, 34, 106.264706, 4.764706, 0.000006, 0.000109, 
trial0002780, ZIC, 1642, 6, 273.666667, 11.833333, 0.000010, 0.000155, ZIP, 2923, 34, 85.970588, 4.323529, 0.000009, 0.000147, 
trial0002781, ZIC, 802, 6, 133.666667, 7.666667, 0.000033, 0.000394, ZIP, 2842, 34, 83.588235, 3.647059, 0.000048, 0.000551, 
trial0002782, ZIC, 864, 6, 144.000000, 8.666667, 0.000128, 0.000481, ZIP, 3375, 34, 99.264706, 4.529412, 0.000046, 0.000939, 
trial0002783, ZIC, 1444, 6, 240.666667, 6.333333, 0.000018, 0.001186, ZIP, 2329, 34, 68.500000, 3.294118, 0.000067, 0.000931, 
trial0002784, ZIC, 1097, 6, 182.833333, 4.666667, 0.000039, 0.000882, ZIP, 1521, 34, 44.735294, 2.176471, 0.000049, 0.000927, 
trial0002785, ZIC, 1289, 6, 214.833333, 7.833333, 0.000200, 0.000775, ZIP, 2420, 34, 71.176471, 3.205882, 0.000048, 0.000881, 
trial0002786, ZIC, 2104, 6, 350.666667, 11.000000, 0.000007, 0.001153, ZIP, 2671, 34, 78.558824, 3.941176, 0.000058, 0.001016, 
trial0002787, ZIC, 621, 6, 103.500000, 4.666667, 0.000050, 0.000688, ZIP, 1888, 34, 55.529412, 2.470588, 0.000045, 0.000915, 
trial0002788, ZIC, 1041, 6, 173.500000, 8.333333, 0.000053, 0.000870, ZIP, 2700, 34, 79.411765, 3.764706, 0.000074, 0.000915, 
trial0002789, ZIC, 766, 6, 127.666667, 4.833333, 0.000053, 0.000427, ZIP, 2249, 34, 66.147059, 3.029412, 0.000053, 0.000911, 
trial0002790, ZIC, 724, 6, 120.666667, 8.000000, 0.000046, 0.001498, ZIP, 3984, 34, 117.176471, 4.823529, 0.000067, 0.000917, 
trial0002791, ZIC, 796, 6, 132.666667, 7.500000, 0.000084, 0.000505, ZIP, 2703, 34, 79.500000, 3.676471, 0.000058, 0.000917, 
trial0002792, ZIC, 835, 6, 139.166667, 6.000000, 0.000080, 0.000593, ZIP, 3332, 34, 98.000000, 4.823529, 0.000043, 0.001037, 
trial0002793, ZIC, 582, 6, 97.000000, 5.000000, 0.000040, 0.000336, ZIP, 3470, 34, 102.058824, 4.588235, 0.000051, 0.000988, 
trial0002794, ZIC, 1482, 6, 247.000000, 10.833333, 0.000043, 0.001483, ZIP, 2409, 34, 70.852941, 3.441176, 0.000048, 0.000923, 
trial0002795, ZIC, 1293, 6, 215.500000, 8.166667, 0.000081, 0.000963, ZIP, 2866, 34, 84.294118, 3.735294, 0.000033, 0.000998, 
trial0002796, ZIC, 1637, 6, 272.833333, 10.333333, 0.000007, 0.001101, ZIP, 2874, 34, 84.529412, 3.882353, 0.000065, 0.000992, 
trial0002797, ZIC, 1322, 6, 220.333333, 6.500000, 0.000106, 0.000955, ZIP, 2705, 34, 79.558824, 3.911765, 0.000059, 0.000950, 
trial0002798, ZIC, 971, 6, 161.833333, 5.166667, 0.000037, 0.000640, ZIP, 2569, 34, 75.558824, 3.676471, 0.000058, 0.000899, 
trial0002799, ZIC, 1283, 6, 213.833333, 7.500000, 0.000052, 0.000677, ZIP, 3364, 34, 98.941176, 4.558824, 0.000044, 0.000994, 
trial0002800, ZIC, 1335, 6, 222.500000, 8.333333, 0.000066, 0.001011, ZIP, 2542, 34, 74.764706, 3.705882, 0.000061, 0.000909, 
trial0002801, ZIC, 3274, 6, 545.666667, 13.833333, 0.000018, 0.001152, ZIP, 5741, 34, 168.852941, 4.676471, 0.000039, 0.000947, 
trial0002802, ZIC, 1709, 6, 284.833333, 6.666667, 0.000028, 0.000913, ZIP, 4002, 34, 117.705882, 3.176471, 0.000046, 0.000915, 
trial0002803, ZIC, 2362, 6, 393.666667, 9.500000, 0.000030, 0.001517, ZIP, 4971, 34, 146.205882, 4.382353, 0.000051, 0.000959, 
trial0002804, ZIC, 1680, 6, 280.000000, 9.333333, 0.000105, 0.000397, ZIP, 4187, 34, 123.147059, 3.294118, 0.000047, 0.000924, 
trial0002805, ZIC, 964, 6, 160.666667, 6.666667, 0.000075, 0.000696, ZIP, 5043, 34, 148.323529, 3.882353, 0.000068, 0.000884, 
trial0002806, ZIC, 3935, 6, 655.833333, 13.500000, 0.000153, 0.001789, ZIP, 5250, 34, 154.411765, 4.852941, 0.000058, 0.000950, 
trial0002807, ZIC, 2126, 6, 354.333333, 7.166667, 0.000069, 0.000605, ZIP, 3061, 34, 90.029412, 2.617647, 0.000062, 0.000952, 
trial0002808, ZIC, 1698, 6, 283.000000, 9.333333, 0.000018, 0.000696, ZIP, 5710, 34, 167.941176, 4.352941, 0.000045, 0.000911, 
trial0002809, ZIC, 2118, 6, 353.000000, 10.333333, 0.000029, 0.000929, ZIP, 6655, 34, 195.735294, 5.176471, 0.000058, 0.000936, 
trial0002810, ZIC, 1828, 6, 304.666667, 8.166667, 0.000149, 0.000881, ZIP, 5985, 34, 176.029412, 4.617647, 0.000063, 0.000998, 
trial0002811, ZIC, 2055, 6, 342.500000, 7.333333, 0.000028, 0.000098, ZIP, 3937, 34, 115.794118, 3.176471, 0.000016, 0.000261, 
trial0002812, ZIC, 846, 6, 141.000000, 4.666667, 0.000006, 0.000083, ZIP, 5059, 34, 148.794118, 3.764706, 0.000005, 0.000091, 
trial0002813, ZIC, 2390, 6, 398.333333, 9.333333, 0.000006, 0.000182, ZIP, 5475, 34, 161.029412, 4.588235, 0.000008, 0.000130, 
trial0002814, ZIC, 2168, 6, 361.333333, 8.000000, 0.000012, 0.000271, ZIP, 3443, 34, 101.264706, 3.294118, 0.000013, 0.000291, 
trial0002815, ZIC, 1574, 6, 262.333333, 5.333333, 0.000088, 0.000500, ZIP, 3882, 34, 114.176471, 3.117647, 0.000042, 0.000900, 
trial0002816, ZIC, 839, 6, 139.833333, 7.833333, 0.000039, 0.000485, ZIP, 6024, 34, 177.176471, 4.323529, 0.000056, 0.000920, 
trial0002817, ZIC, 1750, 6, 291.666667, 5.333333, 0.000046, 0.000577, ZIP, 4240, 34, 124.705882, 3.470588, 0.000059, 0.000938, 
trial0002818, ZIC, 2797, 6, 466.166667, 10.666667, 0.000033, 0.001251, ZIP, 5079, 34, 149.382353, 3.882353, 0.000040, 0.000892, 
trial0002819, ZIC, 2558, 6, 426.333333, 9.666667, 0.000030, 0.000652, ZIP, 3628, 34, 106.705882, 2.941176, 0.000045, 0.000798, 
trial0002820, ZIC, 1348, 6, 224.666667, 4.500000, 0.000086, 0.000807, ZIP, 3279, 34, 96.441176, 2.558824, 0.000057, 0.000935, 
trial0002821, ZIC, 1843, 6, 307.166667, 6.333333, 0.000028, 0.000664, ZIP, 4336, 34, 127.529412, 3.823529, 0.000044, 0.000905, 
trial0002822, ZIC, 2813, 6, 468.833333, 15.166667, 0.000007, 0.000930, ZIP, 4958, 34, 145.823529, 4.088235, 0.000043, 0.000939, 
trial0002823, ZIC, 722, 6, 120.333333, 5.000000, 0.000119, 0.000448, ZIP, 5288, 34, 155.529412, 4.176471, 0.000074, 0.000885, 
trial0002824, ZIC, 1824, 6, 304.000000, 5.500000, 0.000050, 0.000588, ZIP, 4052, 34, 119.176471, 3.558824, 0.000053, 0.000956, 
trial0002825, ZIC, 2020, 6, 336.666667, 11.833333, 0.000007, 0.000918, ZIP, 4694, 34, 138.058824, 3.735294, 0.000045, 0.000821, 
trial0002826, ZIC, 788, 6, 131.333333, 3.333333, 0.000007, 0.000748, ZIP, 3172, 34, 93.294118, 2.470588, 0.000048, 0.000919, 
trial0002827, ZIC, 859, 6, 143.166667, 4.000000, 0.000168, 0.000258, ZIP, 6102, 34, 179.470588, 4.647059, 0.000070, 0.000986, 
trial0002828, ZIC, 2276, 6, 379.333333, 8.000000, 0.000038, 0.000446, ZIP, 4480, 34, 131.764706, 3.647059, 0.000048, 0.000943, 
trial0002829, ZIC, 2563, 6, 427.166667, 9.333333, 0.000076, 0.001330, ZIP, 5907, 34, 173.735294, 4.647059, 0.000047, 0.000889, 
trial0002830, ZIC, 3152, 6, 525.333333, 11.833333, 0.000007, 0.000490, ZIP, 4241, 34, 124.735294, 3.735294, 0.000075, 0.000899, 
trial0002831, ZIC, 3228, 6, 538.000000, 9.000000, 0.000019, 0.001861, ZIP, 3522, 34, 103.588235, 3.294118, 0.000055, 0.000829, 
trial0002832, ZIC, 2895, 6, 482.500000, 9.666667, 0.000029, 0.002569, ZIP, 4616, 34, 135.764706, 3.588235, 0.000045, 0.000909, 
trial0002833, ZIC, 2032, 6, 338.666667, 5.833333, 0.000041, 0.000681, ZIP, 3905, 34, 114.852941, 3.441176, 0.000039, 0.000878, 
trial0002834, ZIC, 1546, 6, 257.666667, 7.833333, 0.000082, 0.000654, ZIP, 5639, 34, 165.852941, 4.205882, 0.000031, 0.001001, 
trial0002835, ZIC, 1642, 6, 273.666667, 7.333333, 0.000080, 0.000568, ZIP, 5868, 34, 172.588235, 4.705882, 0.000070, 0.000939, 
trial0002836, ZIC, 2199, 6, 366.500000, 9.333333, 0.000071, 0.001179, ZIP, 5034, 34, 148.058824, 3.941176, 0.000046, 0.000949, 
trial0002837, ZIC, 3879, 6, 646.500000, 14.166667, 0.000007, 0.001444, ZIP, 6574, 34, 193.352941, 5.794118, 0.000058, 0.000997, 
trial0002838, ZIC, 647, 6, 107.833333, 4.000000, 0.000060, 0.000495, ZIP, 3521, 34, 103.558824, 2.529412, 0.000051, 0.000902, 
trial0002839, ZIC, 1154, 6, 192.333333, 7.500000, 0.000202, 0.000565, ZIP, 5792, 34, 170.352941, 4.617647, 0.000048, 0.000949, 
trial0002840, ZIC, 1757, 6, 292.833333, 6.333333, 0.000030, 0.001903, ZIP, 5238, 34, 154.058824, 4.529412, 0.000054, 0.000928, 
trial0002841, ZIC, 2244, 6, 374.000000, 6.333333, 0.000080, 0.000891, ZIP, 3563, 34, 104.794118, 2.882353, 0.000057, 0.000842, 
trial0002842, ZIC, 2304, 6, 384.000000, 8.666667, 0.000084, 0.001988, ZIP, 3938, 34, 115.823529, 3.411765, 0.000031, 0.000891, 
trial0002843, ZIC, 255, 6, 42.500000, 3.000000, 0.000127, 0.000411, ZIP, 3706, 34, 109.000000, 2.647059, 0.000037, 0.000886, 
trial0002844, ZIC, 664, 6, 110.666667, 5.666667, 0.000040, 0.000249, ZIP, 4830, 34, 142.058824, 3.470588, 0.000031, 0.000412, 
trial0002845, ZIC, 1724, 6, 287.333333, 8.833333, 0.000006, 0.000096, ZIP, 3727, 34, 109.617647, 2.794118, 0.000005, 0.000084, 
trial0002846, ZIC, 1488, 6, 248.000000, 6.833333, 0.000006, 0.000107, ZIP, 5029, 34, 147.911765, 3.970588, 0.000007, 0.000128, 
trial0002847, ZIC, 1461, 6, 243.500000, 5.000000, 0.000018, 0.000157, ZIP, 5528, 34, 162.588235, 4.352941, 0.000009, 0.000204, 
trial0002848, ZIC, 1909, 6, 318.166667, 5.833333, 0.000060, 0.000708, ZIP, 4916, 34, 144.588235, 4.205882, 0.000048, 0.000872, 
trial0002849, ZIC, 2009, 6, 334.833333, 7.333333, 0.000059, 0.000823, ZIP, 4763, 34, 140.088235, 3.705882, 0.000055, 0.000938, 
trial0002850, ZIC, 1789, 6, 298.166667, 6.000000, 0.000007, 0.000879, ZIP, 4843, 34, 142.441176, 3.882353, 0.000050, 0.000897, 
trial0002851, ZIC, 979, 6, 163.166667, 4.833333, 0.000055, 0.000399, ZIP, 5379, 34, 158.205882, 4.147059, 0.000053, 0.000923, 
trial0002852, ZIC, 1670, 6, 278.333333, 9.000000, 0.000145, 0.000710, ZIP, 6024, 34, 177.176471, 4.705882, 0.000071, 0.000898, 
trial0002853, ZIC, 2606, 6, 434.333333, 10.166667, 0.000052, 0.001389, ZIP, 4913, 34, 144.500000, 3.970588, 0.000036, 0.000916, 
trial0002854, ZIC, 1795, 6, 299.166667, 9.166667, 0.000131, 0.000481, ZIP, 5882, 34, 173.000000, 4.735294, 0.000043, 0.000965, 
trial0002855, ZIC, 1293, 6, 215.500000, 10.333333, 0.000077, 0.000892, ZIP, 5468, 34, 160.823529, 3.882353, 0.000065, 0.000848, 
trial0002856, ZIC, 2485, 6, 414.166667, 8.833333, 0.000049, 0.000750, ZIP, 5015, 34, 147.500000, 4.088235, 0.000067, 0.000892, 
trial0002857, ZIC, 1174, 6, 195.666667, 6.166667, 0.000058, 0.000910, ZIP, 5017, 34, 147.558824, 3.970588, 0.000068, 0.000976, 
trial0002858, ZIC, 1830, 6, 305.000000, 5.166667, 0.000048, 0.000692, ZIP, 3883, 34, 114.205882, 3.147059, 0.000073, 0.000918, 
trial0002859, ZIC, 3710, 6, 618.333333, 14.833333, 0.000130, 0.001648, ZIP, 5080, 34, 149.411765, 4.323529, 0.000053, 0.000848, 
trial0002860, ZIC, 3138, 6, 523.000000, 8.833333, 0.000179, 0.000534, ZIP, 3286, 34, 96.647059, 2.911765, 0.000062, 0.000870, 
trial0002861, ZIC, 3309, 6, 551.500000, 11.000000, 0.000071, 0.001064, ZIP, 4535, 34, 133.382353, 4.058824, 0.000051, 0.000920, 
trial0002862, ZIC, 1061, 6, 176.833333, 5.000000, 0.000069, 0.000327, ZIP, 5301, 34, 155.911765, 4.117647, 0.000045, 0.000932, 
trial0002863, ZIC, 1712, 6, 285.333333, 6.166667, 0.000027, 0.000779, ZIP, 4773, 34, 140.382353, 3.794118, 0.000055, 0.000877, 
trial0002864, ZIC, 1581, 6, 263.500000, 7.500000, 0.000133, 0.000712, ZIP, 4169, 34, 122.617647, 3.205882, 0.000046, 0.000867, 
trial0002865, ZIC, 1260, 6, 210.000000, 4.333333, 0.000018, 0.001186, ZIP, 4954, 34, 145.705882, 3.882353, 0.000042, 0.000937, 
trial0002866, ZIC, 2619, 6, 436.500000, 11.833333, 0.000154, 0.000983, ZIP, 5180, 34, 152.352941, 4.323529, 0.000065, 0.000963, 
trial0002867, ZIC, 2359, 6, 393.166667, 8.500000, 0.000057, 0.000928, ZIP, 5103, 34, 150.088235, 4.088235, 0.000043, 0.000893, 
trial0002868, ZIC, 2023, 6, 337.166667, 9.666667, 0.000054, 0.000975, ZIP, 4562, 34, 134.176471, 3.764706, 0.000052, 0.000959, 
trial0002869, ZIC, 2443, 6, 407.166667, 9.000000, 0.000051, 0.001425, ZIP, 4485, 34, 131.911765, 3.647059, 0.000061, 0.000932, 
trial0002870, ZIC, 683, 6, 113.833333, 4.666667, 0.000126, 0.000261, ZIP, 4742, 34, 139.470588, 3.470588, 0.000059, 0.000922, 
trial0002871, ZIC, 2209, 6, 368.166667, 10.666667, 0.000077, 0.000812, ZIP, 6533, 34, 192.147059, 4.764706, 0.000057, 0.000917, 
trial0002872, ZIC, 3317, 6, 552.833333, 13.666667, 0.000083, 0.000904, ZIP, 4356, 34, 128.117647, 3.588235, 0.000049, 0.000869, 
trial0002873, ZIC, 1029, 6, 171.500000, 5.500000, 0.000105, 0.000279, ZIP, 5865, 34, 172.500000, 4.323529, 0.000044, 0.000967, 
trial0002874, ZIC, 18, 6, 3.000000, 0.333333, 0.000092, 0.000222, ZIP, 2731, 34, 80.323529, 2.352941, 0.000046, 0.000915, 
trial0002875, ZIC, 3751, 6, 625.166667, 11.500000, 0.000102, 0.000716, ZIP, 4566, 34, 134.294118, 3.970588, 0.000058, 0.000940, 
trial0002876, ZIC, 1073, 6, 178.833333, 7.000000, 0.000022, 0.000543, ZIP, 7924, 34, 233.058824, 5.941176, 0.000057, 0.001041, 
trial0002877, ZIC, 1522, 6, 253.666667, 7.000000, 0.000050, 0.000780, ZIP, 4604, 34, 135.411765, 3.823529, 0.000031, 0.000770, 
trial0002878, ZIC, 120, 6, 20.000000, 3.500000, 0.000006, 0.000038, ZIP, 4258, 34, 125.235294, 3.029412, 0.000005, 0.000087, 
trial0002879, ZIC, 1963, 6, 327.166667, 8.000000, 0.000006, 0.000177, ZIP, 4534, 34, 133.352941, 3.411765, 0.000007, 0.000106, 
trial0002880, ZIC, 3793, 6, 632.166667, 10.666667, 0.000006, 0.000265, ZIP, 4853, 34, 142.735294, 4.352941, 0.000010, 0.000156, 
trial0002881, ZIC, 2759, 6, 459.833333, 9.666667, 0.000081, 0.000591, ZIP, 3171, 34, 93.264706, 2.294118, 0.000032, 0.000606, 
trial0002882, ZIC, 3051, 6, 508.500000, 10.000000, 0.000076, 0.001249, ZIP, 4658, 34, 137.000000, 3.882353, 0.000035, 0.000966, 
trial0002883, ZIC, 1845, 6, 307.500000, 6.500000, 0.000069, 0.001217, ZIP, 3620, 34, 106.470588, 2.676471, 0.000063, 0.000842, 
trial0002884, ZIC, 2119, 6, 353.166667, 9.500000, 0.000038, 0.001351, ZIP, 5122, 34, 150.647059, 4.264706, 0.000071, 0.000964, 
trial0002885, ZIC, 3047, 6, 507.833333, 11.333333, 0.000051, 0.000973, ZIP, 4812, 34, 141.529412, 4.058824, 0.000063, 0.000966, 
trial0002886, ZIC, 2496, 6, 416.000000, 9.000000, 0.000295, 0.001051, ZIP, 3839, 34, 112.911765, 3.235294, 0.000047, 0.000832, 
trial0002887, ZIC, 2847, 6, 474.500000, 13.166667, 0.000081, 0.001258, ZIP, 5126, 34, 150.764706, 4.323529, 0.000046, 0.000957, 
trial0002888, ZIC, 1067, 6, 177.833333, 6.000000, 0.000018, 0.000543, ZIP, 5501, 34, 161.794118, 4.235294, 0.000072, 0.000859, 
trial0002889, ZIC, 1927, 6, 321.166667, 5.666667, 0.000112, 0.000710, ZIP, 5447, 34, 160.205882, 4.705882, 0.000049, 0.000929, 
trial0002890, ZIC, 355, 6, 59.166667, 4.833333, 0.000052, 0.000395, ZIP, 6077, 34, 178.735294, 4.676471, 0.000054, 0.000994, 
trial0002891, ZIC, 219, 6, 36.500000, 1.666667, 0.000049, 0.000429, ZIP, 2837, 34, 83.441176, 2.117647, 0.000052, 0.000888, 
trial0002892, ZIC, 3029, 6, 504.833333, 9.166667, 0.000237, 0.001088, ZIP, 4460, 34, 131.176471, 3.735294, 0.000047, 0.000936, 
trial0002893, ZIC, 2088, 6, 348.000000, 10.500000, 0.000036, 0.000626, ZIP, 5126, 34, 150.764706, 4.088235, 0.000049, 0.000991, 
trial0002894, ZIC, 1746, 6, 291.000000, 9.333333, 0.000044, 0.000954, ZIP, 5005, 34, 147.205882, 4.235294, 0.000039, 0.000992, 
trial0002895, ZIC, 1849, 6, 308.166667, 8.666667, 0.000117, 0.001521, ZIP, 5749, 34, 169.088235, 4.588235, 0.000043, 0.000955, 
trial0002896, ZIC, 1494, 6, 249.000000, 5.500000, 0.000043, 0.000839, ZIP, 5469, 34, 160.852941, 4.147059, 0.000054, 0.000923, 
trial0002897, ZIC, 699, 6, 116.500000, 3.166667, 0.000049, 0.000453, ZIP, 4407, 34, 129.617647, 3.441176, 0.000049, 0.000972, 
trial0002898, ZIC, 3043, 6, 507.166667, 11.500000, 0.000042, 0.001317, ZIP, 3862, 34, 113.588235, 3.382353, 0.000055, 0.000858, 
trial0002899, ZIC, 790, 6, 131.666667, 5.333333, 0.000051, 0.000345, ZIP, 5596, 34, 164.588235, 4.058824, 0.000054, 0.000991, 
trial0002900, ZIC, 1119, 6, 186.500000, 5.333333, 0.000092, 0.000470, ZIP, 2258, 34, 66.411765, 1.882353, 0.000063, 0.000907, 
trial0002901, ZIC, 1605, 6, 267.500000, 10.166667, 0.000059, 0.001443, ZIP, 3775, 34, 111.029412, 3.852941, 0.000054, 0.000877, 
trial0002902, ZIC, 1803, 6, 300.500000, 9.333333, 0.000088, 0.000757, ZIP, 3563, 34, 104.794118, 3.882353, 0.000042, 0.000890, 
trial0002903, ZIC, 346, 6, 57.666667, 6.666667, 0.000060, 0.000463, ZIP, 3953, 34, 116.264706, 3.705882, 0.000062, 0.000936, 
trial0002904, ZIC, 1516, 6, 252.666667, 8.166667, 0.000047, 0.000856, ZIP, 3937, 34, 115.794118, 4.147059, 0.000054, 0.000933, 
trial0002905, ZIC, 1051, 6, 175.166667, 4.833333, 0.000080, 0.000579, ZIP, 4083, 34, 120.088235, 4.264706, 0.000049, 0.000907, 
trial0002906, ZIC, 1375, 6, 229.166667, 6.666667, 0.000062, 0.000985, ZIP, 3240, 34, 95.294118, 3.411765, 0.000046, 0.000949, 
trial0002907, ZIC, 2118, 6, 353.000000, 9.166667, 0.000007, 0.001251, ZIP, 3366, 34, 99.000000, 3.735294, 0.000056, 0.000889, 
trial0002908, ZIC, 1294, 6, 215.666667, 6.166667, 0.000067, 0.000669, ZIP, 2897, 34, 85.205882, 2.735294, 0.000050, 0.000957, 
trial0002909, ZIC, 1238, 6, 206.333333, 5.500000, 0.000040, 0.000523, ZIP, 3213, 34, 94.500000, 3.441176, 0.000065, 0.000883, 
trial0002910, ZIC, 703, 6, 117.166667, 3.166667, 0.000017, 0.000785, ZIP, 4012, 34, 118.000000, 4.029412, 0.000047, 0.000896, 
trial0002911, ZIC, 2135, 6, 355.833333, 11.666667, 0.000006, 0.000119, ZIP, 4039, 34, 118.794118, 4.470588, 0.000005, 0.000090, 
trial0002912, ZIC, 633, 6, 105.500000, 5.833333, 0.000006, 0.000040, ZIP, 4522, 34, 133.000000, 4.794118, 0.000005, 0.000095, 
trial0002913, ZIC, 292, 6, 48.666667, 3.166667, 0.000008, 0.000060, ZIP, 4711, 34, 138.558824, 4.617647, 0.000005, 0.000131, 
trial0002914, ZIC, 472, 6, 78.666667, 3.666667, 0.000062, 0.000192, ZIP, 1151, 34, 33.852941, 1.117647, 0.000030, 0.000468, 
trial0002915, ZIC, 2844, 6, 474.000000, 11.333333, 0.000025, 0.002345, ZIP, 4188, 34, 123.176471, 4.823529, 0.000039, 0.000906, 
trial0002916, ZIC, 1097, 6, 182.833333, 3.500000, 0.000093, 0.000589, ZIP, 3387, 34, 99.617647, 3.558824, 0.000046, 0.000890, 
trial0002917, ZIC, 712, 6, 118.666667, 6.000000, 0.000031, 0.000591, ZIP, 3970, 34, 116.764706, 4.058824, 0.000055, 0.000969, 
trial0002918, ZIC, 1931, 6, 321.833333, 12.333333, 0.000122, 0.001006, ZIP, 3495, 34, 102.794118, 3.705882, 0.000064, 0.000885, 
trial0002919, ZIC, 743, 6, 123.833333, 5.500000, 0.000018, 0.000542, ZIP, 4079, 34, 119.970588, 3.735294, 0.000051, 0.000882, 
trial0002920, ZIC, 888, 6, 148.000000, 7.500000, 0.000095, 0.000434, ZIP, 2650, 34, 77.941176, 2.617647, 0.000060, 0.000945, 
trial0002921, ZIC, 2768, 6, 461.333333, 14.000000, 0.000038, 0.001280, ZIP, 3815, 34, 112.205882, 4.235294, 0.000049, 0.000973, 
trial0002922, ZIC, 2864, 6, 477.333333, 9.000000, 0.000055, 0.001363, ZIP, 3049, 34, 89.676471, 3.882353, 0.000047, 0.000934, 
trial0002923, ZIC, 1673, 6, 278.833333, 5.166667, 0.000077, 0.000702, ZIP, 2885, 34, 84.852941, 3.205882, 0.000049, 0.000958, 
trial0002924, ZIC, 693, 6, 115.500000, 7.166667, 0.000042, 0.000473, ZIP, 4701, 34, 138.264706, 4.558824, 0.000046, 0.000970, 
trial0002925, ZIC, 1815, 6, 302.500000, 8.166667, 0.000098, 0.000705, ZIP, 3572, 34, 105.058824, 4.029412, 0.000036, 0.000926, 
trial0002926, ZIC, 268, 6, 44.666667, 2.000000, 0.000041, 0.000415, ZIP, 1315, 34, 38.676471, 1.176471, 0.000039, 0.000885, 
trial0002927, ZIC, 1017, 6, 169.500000, 5.000000, 0.000107, 0.001226, ZIP, 3486, 34, 102.529412, 3.176471, 0.000037, 0.000972, 
trial0002928, ZIC, 3747, 6, 624.500000, 14.500000, 0.000049, 0.001587, ZIP, 3313, 34, 97.441176, 4.323529, 0.000054, 0.000970, 
trial0002929, ZIC, 1211, 6, 201.833333, 5.500000, 0.000152, 0.000522, ZIP, 3093, 34, 90.970588, 3.147059, 0.000058, 0.000928, 
trial0002930, ZIC, 721, 6, 120.166667, 6.000000, 0.000109, 0.000860, ZIP, 4723, 34, 138.911765, 4.705882, 0.000031, 0.001006, 
trial0002931, ZIC, 620, 6, 103.333333, 5.833333, 0.000046, 0.000458, ZIP, 3324, 34, 97.764706, 3.029412, 0.000052, 0.000782, 
trial0002932, ZIC, 689, 6, 114.833333, 5.000000, 0.000040, 0.000427, ZIP, 3224, 34, 94.823529, 3.470588, 0.000071, 0.000939, 
trial0002933, ZIC, 1673, 6, 278.833333, 6.500000, 0.000130, 0.001104, ZIP, 2490, 34, 73.235294, 2.558824, 0.000050, 0.000869, 
trial0002934, ZIC, 2060, 6, 343.333333, 10.000000, 0.000085, 0.001437, ZIP, 3869, 34, 113.794118, 4.000000, 0.000057, 0.000925, 
trial0002935, ZIC, 1779, 6, 296.500000, 8.333333, 0.000044, 0.001017, ZIP, 2820, 34, 82.941176, 2.941176, 0.000067, 0.000916, 
trial0002936, ZIC, 1377, 6, 229.500000, 5.166667, 0.000085, 0.000346, ZIP, 2722, 34, 80.058824, 2.911765, 0.000069, 0.000859, 
trial0002937, ZIC, 1710, 6, 285.000000, 10.500000, 0.000018, 0.001323, ZIP, 4289, 34, 126.147059, 4.323529, 0.000057, 0.000897, 
trial0002938, ZIC, 984, 6, 164.000000, 8.000000, 0.000080, 0.000651, ZIP, 4114, 34, 121.000000, 4.000000, 0.000068, 0.000954, 
trial0002939, ZIC, 2886, 6, 481.000000, 10.000000, 0.000156, 0.000971, ZIP, 3540, 34, 104.117647, 4.529412, 0.000031, 0.000952, 
trial0002940, ZIC, 324, 6, 54.000000, 3.166667, 0.000030, 0.000619, ZIP, 2525, 34, 74.264706, 2.500000, 0.000050, 0.000896, 
trial0002941, ZIC, 1462, 6, 243.666667, 8.833333, 0.000040, 0.001191, ZIP, 3786, 34, 111.352941, 3.735294, 0.000045, 0.000957, 
trial0002942, ZIC, 1974, 6, 329.000000, 11.833333, 0.000055, 0.001203, ZIP, 4000, 34, 117.647059, 4.264706, 0.000055, 0.000898, 
trial0002943, ZIC, 1672, 6, 278.666667, 12.666667, 0.000038, 0.001101, ZIP, 4432, 34, 130.352941, 4.352941, 0.000042, 0.000918, 
trial0002944, ZIC, 1134, 6, 189.000000, 8.833333, 0.000006, 0.000057, ZIP, 4663, 34, 137.147059, 4.500000, 0.000005, 0.000090, 
trial0002945, ZIC, 615, 6, 102.500000, 4.833333, 0.000006, 0.000067, ZIP, 5359, 34, 157.617647, 4.794118, 0.000005, 0.000103, 
trial0002946, ZIC, 1688, 6, 281.333333, 6.333333, 0.000006, 0.000141, ZIP, 3180, 34, 93.529412, 3.411765, 0.000006, 0.000127, 
trial0002947, ZIC, 1222, 6, 203.666667, 6.333333, 0.000016, 0.000384, ZIP, 4325, 34, 127.205882, 4.647059, 0.000019, 0.000365, 
trial0002948, ZIC, 823, 6, 137.166667, 5.500000, 0.000150, 0.000454, ZIP, 2976, 34, 87.529412, 3.147059, 0.000048, 0.000936, 
trial0002949, ZIC, 689, 6, 114.833333, 6.833333, 0.000082, 0.000361, ZIP, 3095, 34, 91.029412, 3.088235, 0.000055, 0.000883, 
trial0002950, ZIC, 1216, 6, 202.666667, 6.333333, 0.000039, 0.000629, ZIP, 4592, 34, 135.058824, 4.823529, 0.000036, 0.000975, 
trial0002951, ZIC, 535, 6, 89.166667, 4.000000, 0.000041, 0.000642, ZIP, 2841, 34, 83.558824, 2.764706, 0.000069, 0.000862, 
trial0002952, ZIC, 735, 6, 122.500000, 6.833333, 0.000029, 0.000495, ZIP, 5229, 34, 153.794118, 5.147059, 0.000041, 0.000972, 
trial0002953, ZIC, 0, 6, 0.000000, 0.000000, 0.000072, 0.000363, ZIP, 1428, 34, 42.000000, 1.352941, 0.000046, 0.000874, 
trial0002954, ZIC, 1727, 6, 287.833333, 7.000000, 0.000078, 0.001341, ZIP, 3149, 34, 92.617647, 3.117647, 0.000045, 0.000936, 
trial0002955, ZIC, 145, 6, 24.166667, 1.500000, 0.000098, 0.000373, ZIP, 2215, 34, 65.147059, 2.029412, 0.000046, 0.000915, 
trial0002956, ZIC, 948, 6, 158.000000, 5.500000, 0.000088, 0.000422, ZIP, 3738, 34, 109.941176, 3.794118, 0.000043, 0.001012, 
trial0002957, ZIC, 1667, 6, 277.833333, 8.166667, 0.000115, 0.001483, ZIP, 3019, 34, 88.794118, 3.264706, 0.000040, 0.000911, 
trial0002958, ZIC, 1330, 6, 221.666667, 7.166667, 0.000039, 0.000769, ZIP, 4508, 34, 132.588235, 4.617647, 0.000045, 0.000984, 
trial0002959, ZIC, 874, 6, 145.666667, 6.833333, 0.000030, 0.000995, ZIP, 4056, 34, 119.294118, 3.911765, 0.000046, 0.000958, 
trial0002960, ZIC, 626, 6, 104.333333, 4.833333, 0.000084, 0.000363, ZIP, 3009, 34, 88.500000, 3.088235, 0.000038, 0.000897, 
trial0002961, ZIC, 798, 6, 133.000000, 3.166667, 0.000061, 0.000533, ZIP, 3416, 34, 100.470588, 3.500000, 0.000058, 0.001001, 
trial0002962, ZIC, 1746, 6, 291.000000, 9.166667, 0.000136, 0.000682, ZIP, 4460, 34, 131.176471, 5.088235, 0.000024, 0.000952, 
trial0002963, ZIC, 898, 6, 149.666667, 5.666667, 0.000110, 0.000780, ZIP, 3704, 34, 108.941176, 4.058824, 0.000042, 0.000937, 
trial0002964, ZIC, 1436, 6, 239.333333, 9.000000, 0.000103, 0.000734, ZIP, 5282, 34, 155.352941, 5.529412, 0.000067, 0.000994, 
trial0002965, ZIC, 1739, 6, 289.833333, 6.166667, 0.000028, 0.001272, ZIP, 3720, 34, 109.411765, 4.382353, 0.000050, 0.001030, 
trial0002966, ZIC, 1200, 6, 200.000000, 5.333333, 0.000112, 0.000703, ZIP, 2622, 34, 77.117647, 2.941176, 0.000037, 0.000891, 
trial0002967, ZIC, 1911, 6, 318.500000, 12.166667, 0.000035, 0.001062, ZIP, 3931, 34, 115.617647, 4.029412, 0.000053, 0.000873, 
trial0002968, ZIC, 616, 6, 102.666667, 6.666667, 0.000051, 0.000472, ZIP, 3626, 34, 106.647059, 3.411765, 0.000062, 0.000930, 
trial0002969, ZIC, 1220, 6, 203.333333, 8.333333, 0.000077, 0.000762, ZIP, 3498, 34, 102.882353, 3.058824, 0.000050, 0.000943, 
trial0002970, ZIC, 1372, 6, 228.666667, 11.333333, 0.000034, 0.000602, ZIP, 4595, 34, 135.147059, 4.411765, 0.000075, 0.000976, 
trial0002971, ZIC, 799, 6, 133.166667, 7.333333, 0.000064, 0.000473, ZIP, 3475, 34, 102.205882, 3.176471, 0.000047, 0.000902, 
trial0002972, ZIC, 831, 6, 138.500000, 3.166667, 0.000097, 0.000744, ZIP, 1596, 34, 46.941176, 1.676471, 0.000068, 0.000846, 
trial0002973, ZIC, 1368, 6, 228.000000, 6.333333, 0.000066, 0.000813, ZIP, 2832, 34, 83.294118, 2.764706, 0.000036, 0.000885, 
trial0002974, ZIC, 1125, 6, 187.500000, 4.500000, 0.000085, 0.000815, ZIP, 3300, 34, 97.058824, 3.088235, 0.000053, 0.000900, 
trial0002975, ZIC, 943, 6, 157.166667, 4.333333, 0.000086, 0.000283, ZIP, 3122, 34, 91.823529, 3.176471, 0.000044, 0.000857, 
trial0002976, ZIC, 1509, 6, 251.500000, 10.500000, 0.000055, 0.001013, ZIP, 4356, 34, 128.117647, 4.500000, 0.000033, 0.000664, 
trial0002977, ZIC, 968, 6, 161.333333, 9.166667, 0.000006, 0.000075, ZIP, 5984, 34, 176.000000, 5.735294, 0.000005, 0.000097, 
trial0002978, ZIC, 769, 6, 128.166667, 5.500000, 0.000008, 0.000046, ZIP, 3689, 34, 108.500000, 4.088235, 0.000005, 0.000099, 
trial0002979, ZIC, 1257, 6, 209.500000, 6.166667, 0.000015, 0.000119, ZIP, 3855, 34, 113.382353, 3.852941, 0.000007, 0.000145, 
trial0002980, ZIC, 1591, 6, 265.166667, 8.833333, 0.000018, 0.000560, ZIP, 4231, 34, 124.441176, 3.970588, 0.000039, 0.000596, 
trial0002981, ZIC, 996, 6, 166.000000, 3.666667, 0.000138, 0.000814, ZIP, 3109, 34, 91.441176, 3.117647, 0.000052, 0.000879, 
trial0002982, ZIC, 0, 6, 0.000000, 0.000000, 0.000039, 0.000303, ZIP, 1636, 34, 48.117647, 1.470588, 0.000044, 0.000900, 
trial0002983, ZIC, 12, 6, 2.000000, 0.333333, 0.000073, 0.000394, ZIP, 1969, 34, 57.911765, 1.764706, 0.000046, 0.000870, 
trial0002984, ZIC, 1618, 6, 269.666667, 8.666667, 0.000039, 0.000853, ZIP, 3886, 34, 114.294118, 4.000000, 0.000048, 0.000973, 
trial0002985, ZIC, 2125, 6, 354.166667, 6.333333, 0.000061, 0.001246, ZIP, 3267, 34, 96.088235, 3.470588, 0.000052, 0.000907, 
trial0002986, ZIC, 1548, 6, 258.000000, 9.000000, 0.000151, 0.001017, ZIP, 5076, 34, 149.294118, 5.117647, 0.000055, 0.001055, 
trial0002987, ZIC, 1813, 6, 302.166667, 8.333333, 0.000007, 0.000595, ZIP, 4001, 34, 117.676471, 4.294118, 0.000046, 0.000930, 
trial0002988, ZIC, 1042, 6, 173.666667, 6.166667, 0.000040, 0.000496, ZIP, 5133, 34, 150.970588, 5.558824, 0.000044, 0.000973, 
trial0002989, ZIC, 1736, 6, 289.333333, 8.666667, 0.000029, 0.001039, ZIP, 3766, 34, 110.764706, 3.941176, 0.000044, 0.000861, 
trial0002990, ZIC, 131, 6, 21.833333, 1.333333, 0.000027, 0.000240, ZIP, 2154, 34, 63.352941, 2.117647, 0.000056, 0.000907, 
trial0002991, ZIC, 1477, 6, 246.166667, 8.166667, 0.000029, 0.000883, ZIP, 4192, 34, 123.294118, 4.323529, 0.000053, 0.000864, 
trial0002992, ZIC, 1816, 6, 302.666667, 10.833333, 0.000048, 0.000616, ZIP, 3947, 34, 116.088235, 4.088235, 0.000041, 0.000994, 
trial0002993, ZIC, 2620, 6, 436.666667, 11.000000, 0.000328, 0.000868, ZIP, 2896, 34, 85.176471, 3.529412, 0.000073, 0.000877, 
trial0002994, ZIC, 1194, 6, 199.000000, 9.666667, 0.000022, 0.000719, ZIP, 4560, 34, 134.117647, 4.705882, 0.000054, 0.000972, 
trial0002995, ZIC, 1609, 6, 268.166667, 5.333333, 0.000105, 0.000848, ZIP, 3783, 34, 111.264706, 3.941176, 0.000061, 0.000918, 
trial0002996, ZIC, 1549, 6, 258.166667, 9.500000, 0.000049, 0.001112, ZIP, 4967, 34, 146.088235, 4.500000, 0.000046, 0.000990, 
trial0002997, ZIC, 1676, 6, 279.333333, 8.000000, 0.000019, 0.000731, ZIP, 3165, 34, 93.088235, 3.235294, 0.000051, 0.000972, 
trial0002998, ZIC, 1811, 6, 301.833333, 10.500000, 0.000096, 0.001116, ZIP, 3574, 34, 105.117647, 3.735294, 0.000038, 0.000890, 
trial0002999, ZIC, 948, 6, 158.000000, 5.833333, 0.000073, 0.000912, ZIP, 4179, 34, 122.911765, 4.264706, 0.000044, 0.000939, 
trial0003000, ZIC, 2264, 6, 377.333333, 11.500000, 0.000050, 0.001653, ZIP, 4528, 34, 133.176471, 4.676471, 0.000034, 0.001041, 
