trial0000001, AA, 2119, 10, 211.922383, 9.600000, 0.000009, 0.000126, GDX, 1626, 10, 162.677617, 5.600000, 0.000476, 0.000034, 
trial0000002, AA, 2367, 10, 236.750330, 8.800000, 0.000010, 0.000855, GDX, 1594, 10, 159.449670, 6.600000, 0.000395, 0.000037, 
trial0000003, AA, 1200, 10, 120.026616, 8.200000, 0.000010, 0.001278, GDX, 2284, 10, 228.473384, 6.000000, 0.000395, 0.000054, 
trial0000004, AA, 1463, 10, 146.367495, 7.500000, 0.000010, 0.000320, GDX, 2358, 10, 235.832505, 7.300000, 0.000423, 0.000060, 
trial0000005, AA, 2114, 10, 211.404536, 9.700000, 0.000010, 0.000614, GDX, 1824, 10, 182.495464, 5.900000, 0.000406, 0.000052, 
trial0000006, AA, 2003, 10, 200.366399, 9.200000, 0.000010, 0.000664, GDX, 1554, 10, 155.433601, 4.800000, 0.000437, 0.000042, 
trial0000007, AA, 2255, 10, 225.534319, 11.100000, 0.000010, 0.001900, GDX, 1482, 10, 148.265681, 4.500000, 0.000425, 0.000050, 
trial0000008, AA, 2192, 10, 219.204871, 10.200000, 0.000010, 0.000366, GDX, 1532, 10, 153.295129, 5.000000, 0.000446, 0.000050, 
trial0000009, AA, 2057, 10, 205.786336, 9.000000, 0.000010, 0.001048, GDX, 1900, 10, 190.013664, 6.000000, 0.000470, 0.000041, 
trial0000010, AA, 1776, 10, 177.614793, 10.700000, 0.000010, 0.000453, GDX, 1978, 10, 197.885207, 5.300000, 0.000463, 0.000060, 
trial0000011, AA, 2551, 10, 255.171388, 11.000000, 0.000010, 0.000747, GDX, 1436, 10, 143.628612, 4.400000, 0.000485, 0.000039, 
trial0000012, AA, 2076, 10, 207.694458, 13.600000, 0.000010, 0.000302, GDX, 1984, 10, 198.405542, 4.400000, 0.000451, 0.000066, 
trial0000013, AA, 3728, 10, 372.886903, 13.000000, 0.000010, 0.000653, GDX, 436, 10, 43.613097, 3.600000, 0.000503, 0.000033, 
trial0000014, AA, 2011, 10, 201.183635, 7.200000, 0.000009, 0.000802, GDX, 1445, 10, 144.516365, 6.000000, 0.000393, 0.000039, 
trial0000015, AA, 2703, 10, 270.365028, 13.800000, 0.000011, 0.000355, GDX, 1209, 10, 120.934972, 2.600000, 0.000473, 0.000057, 
trial0000016, AA, 2364, 10, 236.402049, 12.500000, 0.000010, 0.000163, GDX, 1342, 10, 134.297951, 3.700000, 0.000481, 0.000043, 
trial0000017, AA, 2875, 10, 287.507383, 11.000000, 0.000010, 0.000412, GDX, 1016, 10, 101.692617, 3.800000, 0.000484, 0.000026, 
trial0000018, AA, 3276, 10, 327.647914, 13.700000, 0.000010, 0.000241, GDX, 682, 10, 68.252086, 3.100000, 0.000530, 0.000024, 
trial0000019, AA, 1362, 10, 136.278182, 6.500000, 0.000010, 0.000387, GDX, 2187, 10, 218.721818, 7.700000, 0.000419, 0.000056, 
trial0000020, AA, 3664, 10, 366.461492, 12.000000, 0.000010, 0.000212, GDX, 414, 10, 41.438508, 2.600000, 0.000485, 0.000025, 
trial0000021, AA, 2873, 10, 287.324689, 10.700000, 0.000010, 0.000696, GDX, 1085, 10, 108.575311, 4.500000, 0.000450, 0.000029, 
trial0000022, AA, 2639, 10, 263.971678, 10.200000, 0.000010, 0.000339, GDX, 1097, 10, 109.728322, 5.600000, 0.000490, 0.000027, 
trial0000023, AA, 1046, 10, 104.649287, 7.700000, 0.000010, 0.000453, GDX, 2465, 10, 246.550713, 7.300000, 0.000441, 0.000065, 
trial0000024, AA, 1460, 10, 146.015885, 9.800000, 0.000010, 0.000559, GDX, 2039, 10, 203.984115, 6.000000, 0.000479, 0.000065, 
trial0000025, AA, 1529, 10, 152.920991, 10.300000, 0.000010, 0.000609, GDX, 1841, 10, 184.179009, 4.700000, 0.000456, 0.000043, 
trial0000026, AA, 3065, 10, 306.548774, 12.400000, 0.000010, 0.001484, GDX, 844, 10, 84.451226, 3.200000, 0.000459, 0.000026, 
trial0000027, AA, 2194, 10, 219.468449, 10.600000, 0.000009, 0.000631, GDX, 1415, 10, 141.531551, 4.400000, 0.000395, 0.000052, 
trial0000028, AA, 2342, 10, 234.283177, 10.200000, 0.000010, 0.000505, GDX, 1745, 10, 174.516823, 5.800000, 0.000379, 0.000042, 
trial0000029, AA, 2231, 10, 223.185829, 8.700000, 0.000010, 0.001842, GDX, 1513, 10, 151.314171, 5.900000, 0.000372, 0.000045, 
trial0000030, AA, 2384, 10, 238.431955, 8.700000, 0.000010, 0.000791, GDX, 1524, 10, 152.468045, 5.700000, 0.000411, 0.000035, 
trial0000031, AA, 2670, 10, 267.081158, 12.600000, 0.000014, 0.000764, GDX, 1253, 10, 125.318842, 4.000000, 0.000549, 0.000034, 
trial0000032, AA, 1589, 10, 158.953065, 9.200000, 0.000010, 0.000332, GDX, 2036, 10, 203.646935, 6.400000, 0.000426, 0.000060, 
trial0000033, AA, 3073, 10, 307.365332, 10.100000, 0.000010, 0.000871, GDX, 670, 10, 67.034668, 3.900000, 0.000478, 0.000021, 
trial0000034, AA, 2348, 10, 234.865053, 10.300000, 0.000010, 0.000359, GDX, 1534, 10, 153.434947, 5.300000, 0.000431, 0.000032, 
trial0000035, AA, 1860, 10, 186.090046, 8.300000, 0.000010, 0.000573, GDX, 1761, 10, 176.109954, 5.900000, 0.000427, 0.000058, 
trial0000036, AA, 2334, 10, 233.433248, 14.000000, 0.000010, 0.000143, GDX, 1568, 10, 156.866752, 3.600000, 0.000503, 0.000050, 
trial0000037, AA, 3279, 10, 327.916096, 12.900000, 0.000010, 0.000308, GDX, 585, 10, 58.583904, 2.700000, 0.000484, 0.000030, 
trial0000038, AA, 1352, 10, 135.276635, 6.700000, 0.000009, 0.000837, GDX, 2377, 10, 237.723365, 8.300000, 0.000425, 0.000038, 
trial0000039, AA, 2595, 10, 259.575098, 11.400000, 0.000010, 0.001246, GDX, 836, 10, 83.624902, 3.800000, 0.000479, 0.000025, 
trial0000040, AA, 1450, 10, 145.056335, 9.200000, 0.000010, 0.000429, GDX, 2032, 10, 203.243665, 6.200000, 0.000448, 0.000059, 
trial0000041, AA, 3316, 10, 331.638433, 13.100000, 0.000009, 0.000309, GDX, 648, 10, 64.861567, 3.100000, 0.000441, 0.000025, 
trial0000042, AA, 2478, 10, 247.808382, 10.800000, 0.000010, 0.000534, GDX, 1525, 10, 152.591618, 5.200000, 0.000449, 0.000054, 
trial0000043, AA, 684, 10, 68.451290, 5.500000, 0.000010, 0.000258, GDX, 3013, 10, 301.348710, 9.700000, 0.000457, 0.000052, 
trial0000044, AA, 1400, 10, 140.061541, 7.900000, 0.000010, 0.000505, GDX, 2265, 10, 226.538459, 7.300000, 0.000440, 0.000047, 
trial0000045, AA, 2171, 10, 217.129300, 11.100000, 0.000010, 0.000296, GDX, 1651, 10, 165.170700, 5.100000, 0.000478, 0.000034, 
trial0000046, AA, 2737, 10, 273.707713, 12.400000, 0.000010, 0.000423, GDX, 983, 10, 98.392287, 3.800000, 0.000517, 0.000027, 
trial0000047, AA, 1182, 10, 118.232960, 6.600000, 0.000010, 0.000629, GDX, 2333, 10, 233.367040, 7.000000, 0.000405, 0.000050, 
trial0000048, AA, 2141, 10, 214.186604, 9.300000, 0.000010, 0.000512, GDX, 1701, 10, 170.113396, 6.100000, 0.000430, 0.000034, 
trial0000049, AA, 2655, 10, 265.549420, 9.000000, 0.000010, 0.001170, GDX, 1050, 10, 105.050580, 5.400000, 0.000433, 0.000040, 
trial0000050, AA, 1420, 10, 142.041663, 10.200000, 0.000010, 0.001193, GDX, 1884, 10, 188.458337, 5.200000, 0.000430, 0.000053, 
trial0000051, AA, 1935, 10, 193.552636, 10.400000, 0.000010, 0.000780, GDX, 2063, 10, 206.347364, 5.200000, 0.000414, 0.000057, 
trial0000052, AA, 1975, 10, 197.572054, 9.100000, 0.000010, 0.000879, GDX, 1660, 10, 166.027946, 6.100000, 0.000441, 0.000033, 
trial0000053, AA, 2200, 10, 220.009572, 10.700000, 0.000010, 0.000625, GDX, 1882, 10, 188.290428, 5.100000, 0.000426, 0.000046, 
trial0000054, AA, 2291, 10, 229.132058, 9.800000, 0.000010, 0.001216, GDX, 1441, 10, 144.167942, 5.400000, 0.000428, 0.000044, 
trial0000055, AA, 2483, 10, 248.368115, 8.100000, 0.000010, 0.000782, GDX, 1325, 10, 132.531885, 6.300000, 0.000441, 0.000038, 
trial0000056, AA, 2740, 10, 274.001940, 10.700000, 0.000010, 0.001011, GDX, 967, 10, 96.798060, 4.900000, 0.000471, 0.000029, 
trial0000057, AA, 2332, 10, 233.220439, 9.500000, 0.000010, 0.001270, GDX, 1308, 10, 130.879561, 4.700000, 0.000443, 0.000033, 
trial0000058, AA, 2385, 10, 238.567999, 9.900000, 0.000010, 0.000727, GDX, 1158, 10, 115.832001, 4.500000, 0.000433, 0.000025, 
trial0000059, AA, 1756, 10, 175.672908, 7.500000, 0.000010, 0.000704, GDX, 1993, 10, 199.327092, 7.700000, 0.000408, 0.000046, 
trial0000060, AA, 3329, 10, 332.989553, 11.500000, 0.000011, 0.000774, GDX, 781, 10, 78.110447, 3.900000, 0.000461, 0.000038, 
trial0000061, AA, 1391, 10, 139.107974, 7.500000, 0.000010, 0.002005, GDX, 2327, 10, 232.792026, 6.900000, 0.000395, 0.000062, 
trial0000062, AA, 1261, 10, 126.180706, 8.400000, 0.000010, 0.000501, GDX, 2536, 10, 253.619294, 7.200000, 0.000434, 0.000050, 
trial0000063, AA, 2589, 10, 258.911031, 9.700000, 0.000010, 0.001343, GDX, 815, 10, 81.588969, 4.300000, 0.000451, 0.000028, 
trial0000064, AA, 925, 10, 92.547068, 7.900000, 0.000010, 0.000784, GDX, 2584, 10, 258.452932, 7.100000, 0.000440, 0.000039, 
trial0000065, AA, 3074, 10, 307.485764, 12.100000, 0.000010, 0.000985, GDX, 792, 10, 79.214236, 3.300000, 0.000523, 0.000027, 
trial0000066, AA, 2855, 10, 285.545439, 9.100000, 0.000010, 0.001423, GDX, 1086, 10, 108.654561, 5.500000, 0.000419, 0.000028, 
trial0000067, AA, 2200, 10, 220.063907, 7.900000, 0.000010, 0.000984, GDX, 1576, 10, 157.636093, 6.700000, 0.000444, 0.000031, 
trial0000068, AA, 1570, 10, 157.044781, 7.200000, 0.000010, 0.000679, GDX, 2122, 10, 212.255219, 7.600000, 0.000454, 0.000045, 
trial0000069, AA, 829, 10, 82.931224, 6.200000, 0.000010, 0.000909, GDX, 2472, 10, 247.268776, 7.200000, 0.000426, 0.000047, 
trial0000070, AA, 1017, 10, 101.791556, 6.900000, 0.000010, 0.000337, GDX, 2357, 10, 235.708444, 7.100000, 0.000414, 0.000049, 
trial0000071, AA, 1580, 10, 158.009186, 5.200000, 0.000010, 0.000483, GDX, 2123, 10, 212.390814, 8.600000, 0.000433, 0.000038, 
trial0000072, AA, 1115, 10, 111.521480, 6.800000, 0.000010, 0.000459, GDX, 2794, 10, 279.478520, 9.000000, 0.000365, 0.000070, 
trial0000073, AA, 1438, 10, 143.896875, 8.900000, 0.000009, 0.001356, GDX, 2394, 10, 239.403125, 6.300000, 0.000408, 0.000076, 
trial0000074, AA, 2658, 10, 265.879264, 13.500000, 0.000010, 0.000204, GDX, 1175, 10, 117.520736, 2.500000, 0.000470, 0.000067, 
trial0000075, AA, 1657, 10, 165.734936, 8.000000, 0.000011, 0.000436, GDX, 2070, 10, 207.065064, 6.400000, 0.000455, 0.000038, 
trial0000076, AA, 3397, 10, 339.719857, 14.800000, 0.000010, 0.000160, GDX, 486, 10, 48.680143, 2.200000, 0.000541, 0.000024, 
trial0000077, AA, 1378, 10, 137.890486, 8.700000, 0.000010, 0.000322, GDX, 2340, 10, 234.009514, 6.500000, 0.000457, 0.000042, 
trial0000078, AA, 3024, 10, 302.419116, 10.600000, 0.000010, 0.000696, GDX, 777, 10, 77.780884, 4.200000, 0.000398, 0.000030, 
trial0000079, AA, 2886, 10, 288.663588, 12.500000, 0.000011, 0.000511, GDX, 807, 10, 80.736412, 3.500000, 0.000542, 0.000026, 
trial0000080, AA, 1327, 10, 132.750484, 8.200000, 0.000010, 0.000903, GDX, 2017, 10, 201.749516, 5.800000, 0.000404, 0.000059, 
trial0000081, AA, 1885, 10, 188.579074, 8.600000, 0.000010, 0.000683, GDX, 1655, 10, 165.520926, 5.200000, 0.000438, 0.000035, 
trial0000082, AA, 3091, 10, 309.191779, 10.900000, 0.000010, 0.000612, GDX, 873, 10, 87.308221, 4.900000, 0.000469, 0.000033, 
trial0000083, AA, 1623, 10, 162.370731, 10.100000, 0.000010, 0.001450, GDX, 2139, 10, 213.929269, 5.900000, 0.000459, 0.000053, 
trial0000084, AA, 1659, 10, 165.943142, 9.200000, 0.000010, 0.000428, GDX, 1953, 10, 195.356858, 5.600000, 0.000457, 0.000047, 
trial0000085, AA, 2207, 10, 220.715440, 10.300000, 0.000010, 0.000341, GDX, 1420, 10, 142.084560, 3.900000, 0.000448, 0.000045, 
trial0000086, AA, 1898, 10, 189.838054, 10.100000, 0.000009, 0.000621, GDX, 2092, 10, 209.261946, 5.500000, 0.000369, 0.000060, 
trial0000087, AA, 1890, 10, 189.004083, 7.500000, 0.000011, 0.001334, GDX, 1624, 10, 162.495917, 6.100000, 0.000442, 0.000024, 
trial0000088, AA, 2353, 10, 235.324845, 13.400000, 0.000010, 0.000409, GDX, 1379, 10, 137.975155, 3.000000, 0.000497, 0.000040, 
trial0000089, AA, 2563, 10, 256.377448, 10.500000, 0.000010, 0.001113, GDX, 902, 10, 90.222552, 3.700000, 0.000414, 0.000032, 
trial0000090, AA, 2729, 10, 272.938764, 11.500000, 0.000010, 0.000463, GDX, 1585, 10, 158.561236, 5.100000, 0.000417, 0.000070, 
trial0000091, AA, 2447, 10, 244.702831, 11.700000, 0.000011, 0.001341, GDX, 650, 10, 65.097169, 2.900000, 0.000475, 0.000023, 
trial0000092, AA, 2783, 10, 278.399615, 12.900000, 0.000009, 0.001114, GDX, 959, 10, 95.900385, 3.300000, 0.000476, 0.000030, 
trial0000093, AA, 3004, 10, 300.427075, 12.500000, 0.000011, 0.000565, GDX, 1098, 10, 109.872925, 3.700000, 0.000451, 0.000034, 
trial0000094, AA, 2194, 10, 219.479498, 10.900000, 0.000010, 0.000252, GDX, 1707, 10, 170.720502, 5.700000, 0.000461, 0.000053, 
trial0000095, AA, 2609, 10, 260.948678, 9.800000, 0.000010, 0.001666, GDX, 1327, 10, 132.751322, 5.800000, 0.000433, 0.000032, 
trial0000096, AA, 2531, 10, 253.103823, 8.600000, 0.000010, 0.001059, GDX, 1282, 10, 128.296177, 6.800000, 0.000441, 0.000030, 
trial0000097, AA, 935, 10, 93.571256, 9.700000, 0.000010, 0.001996, GDX, 2460, 10, 246.028744, 6.100000, 0.000423, 0.000054, 
trial0000098, AA, 2202, 10, 220.274879, 9.700000, 0.000010, 0.000650, GDX, 1476, 10, 147.625121, 4.900000, 0.000431, 0.000036, 
trial0000099, AA, 2185, 10, 218.510589, 10.100000, 0.000010, 0.000434, GDX, 1223, 10, 122.389411, 3.900000, 0.000461, 0.000049, 
trial0000100, AA, 2015, 10, 201.536399, 10.600000, 0.000010, 0.001130, GDX, 1579, 10, 157.963601, 4.000000, 0.000466, 0.000034, 
trial0000101, AA, 5456, 10, 545.668067, 12.800000, 0.000010, 0.000222, GDX, 3504, 10, 350.431933, 6.400000, 0.000433, 0.000073, 
trial0000102, AA, 5626, 10, 562.658664, 14.200000, 0.000010, 0.000598, GDX, 3735, 10, 373.541336, 8.200000, 0.000465, 0.000063, 
trial0000103, AA, 5696, 10, 569.678919, 16.200000, 0.000010, 0.000315, GDX, 3593, 10, 359.321081, 7.200000, 0.000530, 0.000052, 
trial0000104, AA, 5631, 10, 563.136695, 13.100000, 0.000010, 0.000240, GDX, 3036, 10, 303.663305, 6.500000, 0.000470, 0.000054, 
trial0000105, AA, 6257, 10, 625.730150, 11.700000, 0.000010, 0.000534, GDX, 2811, 10, 281.169850, 7.500000, 0.000417, 0.000061, 
trial0000106, AA, 4544, 10, 454.401156, 11.900000, 0.000010, 0.000279, GDX, 4246, 10, 424.698844, 9.700000, 0.000546, 0.000039, 
trial0000107, AA, 3743, 10, 374.374191, 10.600000, 0.000010, 0.000423, GDX, 4204, 10, 420.425809, 8.200000, 0.000530, 0.000049, 
trial0000108, AA, 4642, 10, 464.259818, 13.700000, 0.000010, 0.000164, GDX, 4008, 10, 400.840182, 7.700000, 0.000543, 0.000094, 
trial0000109, AA, 3524, 10, 352.400432, 11.200000, 0.000010, 0.000232, GDX, 5171, 10, 517.199568, 9.400000, 0.000463, 0.000078, 
trial0000110, AA, 4150, 10, 415.062494, 14.700000, 0.000010, 0.000182, GDX, 3307, 10, 330.737506, 5.100000, 0.000604, 0.000028, 
trial0000111, AA, 4608, 10, 460.879560, 12.400000, 0.000010, 0.000354, GDX, 4719, 10, 471.920440, 9.400000, 0.000534, 0.000056, 
trial0000112, AA, 4427, 10, 442.780464, 11.500000, 0.000010, 0.000430, GDX, 5035, 10, 503.519536, 9.700000, 0.000525, 0.000057, 
trial0000113, AA, 5727, 10, 572.723300, 14.400000, 0.000010, 0.000251, GDX, 3150, 10, 315.076700, 7.200000, 0.000426, 0.000077, 
trial0000114, AA, 4112, 10, 411.273297, 12.000000, 0.000010, 0.000183, GDX, 5224, 10, 522.426703, 9.400000, 0.000447, 0.000080, 
trial0000115, AA, 6012, 10, 601.221584, 13.600000, 0.000010, 0.000649, GDX, 3154, 10, 315.478416, 7.200000, 0.000434, 0.000050, 
trial0000116, AA, 4878, 10, 487.844092, 11.600000, 0.000010, 0.000569, GDX, 4487, 10, 448.755908, 8.800000, 0.000506, 0.000056, 
trial0000117, AA, 4552, 10, 455.275820, 12.000000, 0.000010, 0.000325, GDX, 4138, 10, 413.824180, 8.200000, 0.000460, 0.000067, 
trial0000118, AA, 6114, 10, 611.425979, 14.300000, 0.000010, 0.000328, GDX, 3478, 10, 347.874021, 6.500000, 0.000422, 0.000082, 
trial0000119, AA, 5112, 10, 511.270706, 12.700000, 0.000010, 0.000265, GDX, 4244, 10, 424.429294, 9.100000, 0.000555, 0.000045, 
trial0000120, AA, 6093, 10, 609.353221, 15.000000, 0.000011, 0.001091, GDX, 2811, 10, 281.146779, 6.400000, 0.000526, 0.000040, 
trial0000121, AA, 4001, 10, 400.112911, 12.900000, 0.000010, 0.000240, GDX, 5485, 10, 548.587089, 9.900000, 0.000488, 0.000089, 
trial0000122, AA, 3397, 10, 339.709362, 11.100000, 0.000010, 0.000275, GDX, 5785, 10, 578.590638, 10.300000, 0.000500, 0.000063, 
trial0000123, AA, 4111, 10, 411.170459, 10.400000, 0.000010, 0.000578, GDX, 5253, 10, 525.329541, 10.800000, 0.000510, 0.000056, 
trial0000124, AA, 4966, 10, 496.682243, 12.800000, 0.000010, 0.000202, GDX, 4004, 10, 400.417757, 7.600000, 0.000416, 0.000078, 
trial0000125, AA, 4344, 10, 434.437565, 9.600000, 0.000010, 0.000253, GDX, 4429, 10, 442.962435, 10.000000, 0.000467, 0.000075, 
trial0000126, AA, 4755, 10, 475.508441, 11.800000, 0.000010, 0.000327, GDX, 4642, 10, 464.291559, 9.200000, 0.000480, 0.000076, 
trial0000127, AA, 5620, 10, 562.086146, 13.200000, 0.000010, 0.000573, GDX, 3523, 10, 352.313854, 8.400000, 0.000489, 0.000052, 
trial0000128, AA, 5042, 10, 504.227260, 14.700000, 0.000011, 0.000424, GDX, 3750, 10, 375.072740, 6.300000, 0.000546, 0.000062, 
trial0000129, AA, 6134, 10, 613.438204, 13.800000, 0.000010, 0.000172, GDX, 3535, 10, 353.561796, 8.200000, 0.000512, 0.000061, 
trial0000130, AA, 4223, 10, 422.311150, 13.100000, 0.000010, 0.000269, GDX, 4051, 10, 405.188850, 7.700000, 0.000477, 0.000068, 
trial0000131, AA, 5228, 10, 522.846971, 11.800000, 0.000010, 0.000268, GDX, 3732, 10, 373.253029, 8.400000, 0.000411, 0.000074, 
trial0000132, AA, 5535, 10, 553.568956, 10.000000, 0.000010, 0.000337, GDX, 4048, 10, 404.831044, 9.200000, 0.000439, 0.000080, 
trial0000133, AA, 5232, 10, 523.230378, 12.200000, 0.000010, 0.000256, GDX, 4780, 10, 478.069622, 8.800000, 0.000373, 0.000103, 
trial0000134, AA, 6058, 10, 605.815564, 14.400000, 0.000010, 0.000454, GDX, 3467, 10, 346.784436, 7.000000, 0.000554, 0.000036, 
trial0000135, AA, 4346, 10, 434.600331, 10.400000, 0.000010, 0.000636, GDX, 4417, 10, 441.799669, 9.400000, 0.000452, 0.000066, 
trial0000136, AA, 5914, 10, 591.475304, 14.500000, 0.000010, 0.000386, GDX, 3563, 10, 356.324696, 6.700000, 0.000434, 0.000061, 
trial0000137, AA, 6563, 10, 656.369952, 16.300000, 0.000010, 0.000176, GDX, 3177, 10, 317.730048, 6.700000, 0.000564, 0.000037, 
trial0000138, AA, 5910, 10, 591.053039, 15.200000, 0.000011, 0.000610, GDX, 3733, 10, 373.346961, 7.400000, 0.000505, 0.000065, 
trial0000139, AA, 5261, 10, 526.181392, 14.000000, 0.000010, 0.000274, GDX, 3823, 10, 382.318608, 7.200000, 0.000465, 0.000065, 
trial0000140, AA, 4775, 10, 477.573820, 12.400000, 0.000010, 0.000277, GDX, 4667, 10, 466.726180, 8.600000, 0.000382, 0.000082, 
trial0000141, AA, 5966, 10, 596.620729, 14.100000, 0.000010, 0.000465, GDX, 3200, 10, 320.079271, 7.300000, 0.000473, 0.000044, 
trial0000142, AA, 4915, 10, 491.549225, 12.200000, 0.000009, 0.000197, GDX, 4774, 10, 477.450775, 9.800000, 0.000491, 0.000065, 
trial0000143, AA, 4887, 10, 488.711136, 12.800000, 0.000010, 0.000216, GDX, 4775, 10, 477.588864, 9.600000, 0.000496, 0.000062, 
trial0000144, AA, 5160, 10, 516.090243, 12.400000, 0.000010, 0.000217, GDX, 4161, 10, 416.109757, 9.200000, 0.000528, 0.000052, 
trial0000145, AA, 4755, 10, 475.582545, 13.600000, 0.000010, 0.000286, GDX, 4440, 10, 444.017455, 8.800000, 0.000494, 0.000066, 
trial0000146, AA, 4630, 10, 463.064258, 10.600000, 0.000010, 0.000158, GDX, 5241, 10, 524.135742, 11.800000, 0.000423, 0.000098, 
trial0000147, AA, 4823, 10, 482.310313, 13.300000, 0.000010, 0.000269, GDX, 4487, 10, 448.789687, 7.900000, 0.000469, 0.000088, 
trial0000148, AA, 4200, 10, 420.038271, 13.700000, 0.000010, 0.000168, GDX, 4849, 10, 484.961729, 8.100000, 0.000550, 0.000066, 
trial0000149, AA, 6508, 10, 650.811986, 14.000000, 0.000010, 0.000344, GDX, 3276, 10, 327.688014, 7.200000, 0.000406, 0.000062, 
trial0000150, AA, 6258, 10, 625.821306, 15.800000, 0.000010, 0.000204, GDX, 2529, 10, 252.978694, 5.000000, 0.000515, 0.000036, 
trial0000151, AA, 3977, 10, 397.761874, 14.100000, 0.000010, 0.000134, GDX, 4264, 10, 426.438126, 7.300000, 0.000547, 0.000057, 
trial0000152, AA, 5218, 10, 521.851334, 12.300000, 0.000010, 0.000360, GDX, 4267, 10, 426.748666, 8.500000, 0.000435, 0.000071, 
trial0000153, AA, 5332, 10, 533.227175, 13.600000, 0.000010, 0.000561, GDX, 3895, 10, 389.572825, 8.800000, 0.000448, 0.000071, 
trial0000154, AA, 2915, 10, 291.521706, 9.700000, 0.000010, 0.000238, GDX, 5624, 10, 562.478294, 10.700000, 0.000481, 0.000057, 
trial0000155, AA, 7089, 10, 708.913323, 15.400000, 0.000010, 0.000174, GDX, 2286, 10, 228.686677, 6.200000, 0.000516, 0.000027, 
trial0000156, AA, 5118, 10, 511.803320, 13.800000, 0.000011, 0.000399, GDX, 3686, 10, 368.696680, 7.000000, 0.000534, 0.000030, 
trial0000157, AA, 3612, 10, 361.224645, 11.900000, 0.000010, 0.000133, GDX, 5045, 10, 504.575355, 8.900000, 0.000532, 0.000064, 
trial0000158, AA, 6144, 10, 614.471205, 14.700000, 0.000010, 0.000167, GDX, 3046, 10, 304.628795, 6.100000, 0.000468, 0.000078, 
trial0000159, AA, 4255, 10, 425.547126, 10.500000, 0.000010, 0.000225, GDX, 3975, 10, 397.552874, 9.500000, 0.000477, 0.000059, 
trial0000160, AA, 6614, 10, 661.464696, 16.500000, 0.000010, 0.000290, GDX, 2905, 10, 290.535304, 5.500000, 0.000463, 0.000061, 
trial0000161, AA, 5816, 10, 581.626697, 14.600000, 0.000010, 0.000191, GDX, 3114, 10, 311.473303, 6.200000, 0.000533, 0.000029, 
trial0000162, AA, 2395, 10, 239.502305, 10.400000, 0.000010, 0.000370, GDX, 5844, 10, 584.497695, 10.200000, 0.000525, 0.000079, 
trial0000163, AA, 5839, 10, 583.933181, 13.400000, 0.000010, 0.000509, GDX, 3491, 10, 349.166819, 7.800000, 0.000567, 0.000043, 
trial0000164, AA, 6197, 10, 619.767101, 13.800000, 0.000010, 0.000568, GDX, 3162, 10, 316.232899, 7.600000, 0.000406, 0.000056, 
trial0000165, AA, 4767, 10, 476.793375, 13.500000, 0.000010, 0.000167, GDX, 4598, 10, 459.806625, 8.100000, 0.000484, 0.000074, 
trial0000166, AA, 5708, 10, 570.812213, 11.900000, 0.000010, 0.000360, GDX, 3841, 10, 384.187787, 7.900000, 0.000443, 0.000076, 
trial0000167, AA, 6171, 10, 617.136107, 13.600000, 0.000010, 0.000439, GDX, 3230, 10, 323.063893, 8.000000, 0.000514, 0.000039, 
trial0000168, AA, 5171, 10, 517.149834, 12.800000, 0.000010, 0.000653, GDX, 4199, 10, 419.950166, 8.600000, 0.000557, 0.000058, 
trial0000169, AA, 3595, 10, 359.517535, 11.300000, 0.000010, 0.000388, GDX, 5992, 10, 599.282465, 9.700000, 0.000522, 0.000057, 
trial0000170, AA, 5545, 10, 554.528290, 13.900000, 0.000010, 0.000212, GDX, 3445, 10, 344.571710, 7.100000, 0.000553, 0.000033, 
trial0000171, AA, 4373, 10, 437.374866, 12.700000, 0.000010, 0.000218, GDX, 4620, 10, 462.025134, 8.300000, 0.000457, 0.000063, 
trial0000172, AA, 5062, 10, 506.268534, 14.700000, 0.000010, 0.000356, GDX, 4648, 10, 464.831466, 8.300000, 0.000526, 0.000080, 
trial0000173, AA, 6046, 10, 604.617426, 13.600000, 0.000010, 0.000191, GDX, 3700, 10, 370.082574, 9.000000, 0.000515, 0.000051, 
trial0000174, AA, 6710, 10, 671.064925, 13.900000, 0.000010, 0.000174, GDX, 2775, 10, 277.535075, 6.700000, 0.000478, 0.000050, 
trial0000175, AA, 4713, 10, 471.394300, 11.400000, 0.000010, 0.000206, GDX, 4366, 10, 436.605700, 9.600000, 0.000453, 0.000068, 
trial0000176, AA, 5252, 10, 525.215003, 13.200000, 0.000010, 0.000358, GDX, 4085, 10, 408.584997, 7.400000, 0.000458, 0.000062, 
trial0000177, AA, 4816, 10, 481.618029, 13.300000, 0.000010, 0.000148, GDX, 4668, 10, 466.881971, 8.500000, 0.000468, 0.000076, 
trial0000178, AA, 4329, 10, 432.917788, 13.100000, 0.000010, 0.000560, GDX, 4503, 10, 450.382212, 8.700000, 0.000476, 0.000082, 
trial0000179, AA, 5024, 10, 502.472871, 12.700000, 0.000010, 0.000436, GDX, 3758, 10, 375.827129, 7.300000, 0.000458, 0.000055, 
trial0000180, AA, 4896, 10, 489.663176, 14.900000, 0.000011, 0.000473, GDX, 3392, 10, 339.236824, 6.700000, 0.000501, 0.000060, 
trial0000181, AA, 5589, 10, 558.953520, 10.200000, 0.000010, 0.001157, GDX, 3116, 10, 311.646480, 8.200000, 0.000441, 0.000036, 
trial0000182, AA, 6101, 10, 610.179604, 13.900000, 0.000010, 0.000207, GDX, 3652, 10, 365.220396, 8.100000, 0.000507, 0.000046, 
trial0000183, AA, 3010, 10, 301.048418, 9.800000, 0.000010, 0.000242, GDX, 5464, 10, 546.451582, 10.000000, 0.000514, 0.000060, 
trial0000184, AA, 4624, 10, 462.459584, 11.900000, 0.000010, 0.000188, GDX, 4141, 10, 414.140416, 8.300000, 0.000521, 0.000049, 
trial0000185, AA, 4288, 10, 428.825194, 10.300000, 0.000010, 0.000361, GDX, 4003, 10, 400.374806, 9.900000, 0.000502, 0.000041, 
trial0000186, AA, 6715, 10, 671.582507, 14.800000, 0.000010, 0.000251, GDX, 3018, 10, 301.817493, 6.400000, 0.000512, 0.000042, 
trial0000187, AA, 4246, 10, 424.627888, 12.200000, 0.000010, 0.000373, GDX, 4319, 10, 431.972112, 8.600000, 0.000533, 0.000049, 
trial0000188, AA, 5092, 10, 509.227634, 15.000000, 0.000010, 0.000333, GDX, 3919, 10, 391.972366, 6.800000, 0.000502, 0.000067, 
trial0000189, AA, 6091, 10, 609.105337, 13.500000, 0.000010, 0.000168, GDX, 2954, 10, 295.494663, 5.900000, 0.000484, 0.000041, 
trial0000190, AA, 7694, 10, 769.405020, 14.800000, 0.000010, 0.000207, GDX, 1285, 10, 128.594980, 4.200000, 0.000496, 0.000023, 
trial0000191, AA, 4876, 10, 487.635622, 11.600000, 0.000010, 0.000254, GDX, 4107, 10, 410.764378, 8.400000, 0.000437, 0.000068, 
trial0000192, AA, 5951, 10, 595.186067, 13.500000, 0.000010, 0.000591, GDX, 3232, 10, 323.213933, 6.300000, 0.000445, 0.000060, 
trial0000193, AA, 3585, 10, 358.504889, 10.900000, 0.000010, 0.000416, GDX, 5804, 10, 580.495111, 10.900000, 0.000510, 0.000078, 
trial0000194, AA, 5865, 10, 586.584534, 15.800000, 0.000010, 0.000173, GDX, 3753, 10, 375.315466, 7.800000, 0.000506, 0.000064, 
trial0000195, AA, 4905, 10, 490.563489, 13.800000, 0.000010, 0.000253, GDX, 3548, 10, 354.836511, 7.800000, 0.000452, 0.000057, 
trial0000196, AA, 6106, 10, 610.620547, 12.600000, 0.000010, 0.000274, GDX, 3347, 10, 334.779453, 8.200000, 0.000561, 0.000029, 
trial0000197, AA, 6775, 10, 677.582418, 14.700000, 0.000011, 0.000416, GDX, 2581, 10, 258.117582, 5.700000, 0.000458, 0.000065, 
trial0000198, AA, 5784, 10, 578.460317, 14.700000, 0.000010, 0.000443, GDX, 3341, 10, 334.139683, 6.500000, 0.000592, 0.000029, 
trial0000199, AA, 4613, 10, 461.363505, 10.200000, 0.000010, 0.000609, GDX, 4182, 10, 418.236495, 8.400000, 0.000514, 0.000042, 
trial0000200, AA, 5311, 10, 531.168178, 13.100000, 0.000010, 0.000196, GDX, 3877, 10, 387.731822, 8.500000, 0.000509, 0.000063, 
trial0000201, AA, 2236, 10, 223.621676, 11.700000, 0.000010, 0.000248, GDX, 867, 10, 86.778324, 4.500000, 0.000481, 0.000027, 
trial0000202, AA, 2282, 10, 228.266193, 12.000000, 0.000010, 0.000247, GDX, 836, 10, 83.633807, 5.600000, 0.000482, 0.000032, 
trial0000203, AA, 932, 10, 93.274142, 7.300000, 0.000010, 0.000909, GDX, 1722, 10, 172.225858, 7.900000, 0.000487, 0.000037, 
trial0000204, AA, 3128, 10, 312.860603, 12.700000, 0.000010, 0.000200, GDX, 498, 10, 49.839397, 6.300000, 0.000436, 0.000034, 
trial0000205, AA, 2053, 10, 205.349775, 11.500000, 0.000010, 0.000325, GDX, 1048, 10, 104.850225, 5.700000, 0.000514, 0.000032, 
trial0000206, AA, 2306, 10, 230.693315, 14.200000, 0.000011, 0.000230, GDX, 882, 10, 88.206685, 4.000000, 0.000503, 0.000032, 
trial0000207, AA, 2866, 10, 286.660468, 15.900000, 0.000010, 0.000187, GDX, 579, 10, 57.939532, 4.300000, 0.000473, 0.000032, 
trial0000208, AA, 1273, 10, 127.320351, 9.100000, 0.000010, 0.000623, GDX, 1479, 10, 147.979649, 6.300000, 0.000508, 0.000027, 
trial0000209, AA, 2104, 10, 210.423332, 11.600000, 0.000010, 0.000333, GDX, 1006, 10, 100.676668, 4.800000, 0.000505, 0.000024, 
trial0000210, AA, 1507, 10, 150.779575, 7.600000, 0.000010, 0.000728, GDX, 1400, 10, 140.020425, 7.200000, 0.000498, 0.000035, 
trial0000211, AA, 3252, 10, 325.219264, 15.300000, 0.000010, 0.000218, GDX, 349, 10, 34.980736, 3.300000, 0.000445, 0.000025, 
trial0000212, AA, 1604, 10, 160.408851, 10.800000, 0.000010, 0.000154, GDX, 1290, 10, 129.091149, 6.000000, 0.000497, 0.000029, 
trial0000213, AA, 2812, 10, 281.263700, 11.900000, 0.000010, 0.000172, GDX, 845, 10, 84.536300, 7.900000, 0.000421, 0.000051, 
trial0000214, AA, 1646, 10, 164.648507, 11.900000, 0.000010, 0.000171, GDX, 1191, 10, 119.151493, 5.700000, 0.000489, 0.000037, 
trial0000215, AA, 1444, 10, 144.413616, 9.500000, 0.000010, 0.000689, GDX, 1399, 10, 139.986384, 5.100000, 0.000500, 0.000025, 
trial0000216, AA, 1023, 10, 102.352923, 9.400000, 0.000010, 0.000692, GDX, 1389, 10, 138.947077, 5.800000, 0.000522, 0.000027, 
trial0000217, AA, 1992, 10, 199.290765, 10.700000, 0.000010, 0.000164, GDX, 921, 10, 92.109235, 5.700000, 0.000511, 0.000027, 
trial0000218, AA, 2374, 10, 237.471628, 13.300000, 0.000011, 0.000239, GDX, 711, 10, 71.128372, 3.900000, 0.000471, 0.000026, 
trial0000219, AA, 1932, 10, 193.220051, 11.000000, 0.000010, 0.000416, GDX, 1140, 10, 114.079949, 5.000000, 0.000474, 0.000026, 
trial0000220, AA, 1926, 10, 192.647854, 9.900000, 0.000010, 0.000302, GDX, 1230, 10, 123.052146, 6.100000, 0.000466, 0.000031, 
trial0000221, AA, 3436, 10, 343.668876, 14.000000, 0.000010, 0.000215, GDX, 413, 10, 41.331124, 5.400000, 0.000442, 0.000036, 
trial0000222, AA, 1832, 10, 183.298789, 8.800000, 0.000010, 0.000760, GDX, 1192, 10, 119.201211, 6.200000, 0.000473, 0.000026, 
trial0000223, AA, 1521, 10, 152.102265, 9.200000, 0.000010, 0.000568, GDX, 1323, 10, 132.397735, 5.400000, 0.000509, 0.000023, 
trial0000224, AA, 2106, 10, 210.667361, 8.700000, 0.000010, 0.000259, GDX, 969, 10, 96.932639, 6.500000, 0.000450, 0.000029, 
trial0000225, AA, 2838, 10, 283.851614, 12.700000, 0.000010, 0.000171, GDX, 451, 10, 45.148386, 4.700000, 0.000441, 0.000033, 
trial0000226, AA, 2077, 10, 207.775349, 13.300000, 0.000010, 0.000159, GDX, 1044, 10, 104.424651, 5.500000, 0.000526, 0.000031, 
trial0000227, AA, 2556, 10, 255.645503, 12.900000, 0.000010, 0.000186, GDX, 802, 10, 80.254497, 4.900000, 0.000441, 0.000029, 
trial0000228, AA, 1739, 10, 173.992477, 8.000000, 0.000010, 0.000595, GDX, 1265, 10, 126.507523, 6.400000, 0.000474, 0.000023, 
trial0000229, AA, 2236, 10, 223.692378, 11.600000, 0.000010, 0.000405, GDX, 1109, 10, 110.907622, 5.400000, 0.000461, 0.000032, 
trial0000230, AA, 1546, 10, 154.664171, 8.800000, 0.000010, 0.000804, GDX, 1327, 10, 132.735829, 6.800000, 0.000544, 0.000026, 
trial0000231, AA, 1613, 10, 161.304152, 9.800000, 0.000010, 0.000480, GDX, 1249, 10, 124.995848, 5.600000, 0.000522, 0.000023, 
trial0000232, AA, 3109, 10, 310.926436, 13.100000, 0.000010, 0.000240, GDX, 163, 10, 16.373564, 2.900000, 0.000475, 0.000025, 
trial0000233, AA, 2244, 10, 224.408729, 10.500000, 0.000010, 0.000386, GDX, 830, 10, 83.091271, 5.100000, 0.000507, 0.000024, 
trial0000234, AA, 3319, 10, 331.939673, 16.000000, 0.000010, 0.000193, GDX, 438, 10, 43.860327, 4.200000, 0.000477, 0.000025, 
trial0000235, AA, 1036, 10, 103.675528, 8.100000, 0.000010, 0.000434, GDX, 1388, 10, 138.824472, 7.500000, 0.000526, 0.000030, 
trial0000236, AA, 2995, 10, 299.529064, 14.000000, 0.000010, 0.000200, GDX, 589, 10, 58.970936, 4.800000, 0.000449, 0.000030, 
trial0000237, AA, 2532, 10, 253.239373, 13.200000, 0.000010, 0.000179, GDX, 759, 10, 75.960627, 4.800000, 0.000513, 0.000029, 
trial0000238, AA, 2254, 10, 225.431387, 11.300000, 0.000010, 0.000297, GDX, 950, 10, 95.068613, 4.700000, 0.000478, 0.000028, 
trial0000239, AA, 2181, 10, 218.141379, 14.400000, 0.000010, 0.000170, GDX, 876, 10, 87.658621, 3.400000, 0.000504, 0.000025, 
trial0000240, AA, 1349, 10, 134.938660, 11.800000, 0.000010, 0.000378, GDX, 1315, 10, 131.561340, 4.800000, 0.000555, 0.000029, 
trial0000241, AA, 1049, 10, 104.987989, 8.100000, 0.000010, 0.000786, GDX, 1677, 10, 167.712011, 6.300000, 0.000500, 0.000026, 
trial0000242, AA, 2367, 10, 236.759402, 12.300000, 0.000010, 0.000165, GDX, 731, 10, 73.140598, 4.300000, 0.000483, 0.000024, 
trial0000243, AA, 1580, 10, 158.046434, 10.600000, 0.000010, 0.000292, GDX, 1329, 10, 132.953566, 5.800000, 0.000516, 0.000026, 
trial0000244, AA, 2576, 10, 257.694236, 12.500000, 0.000010, 0.000213, GDX, 705, 10, 70.505764, 3.900000, 0.000472, 0.000027, 
trial0000245, AA, 1369, 10, 136.936212, 7.600000, 0.000010, 0.000469, GDX, 1418, 10, 141.863788, 7.000000, 0.000495, 0.000029, 
trial0000246, AA, 1520, 10, 152.070286, 10.700000, 0.000010, 0.000185, GDX, 1507, 10, 150.729714, 7.100000, 0.000501, 0.000037, 
trial0000247, AA, 1406, 10, 140.668539, 8.600000, 0.000010, 0.000276, GDX, 1365, 10, 136.531461, 5.800000, 0.000480, 0.000030, 
trial0000248, AA, 1963, 10, 196.358195, 11.300000, 0.000010, 0.000227, GDX, 1094, 10, 109.441805, 5.700000, 0.000467, 0.000032, 
trial0000249, AA, 1626, 10, 162.677715, 11.700000, 0.000010, 0.000266, GDX, 1080, 10, 108.022285, 4.700000, 0.000526, 0.000031, 
trial0000250, AA, 1737, 10, 173.768210, 9.300000, 0.000010, 0.000279, GDX, 1306, 10, 130.631790, 6.900000, 0.000486, 0.000031, 
trial0000251, AA, 1142, 10, 114.245759, 7.300000, 0.000010, 0.000688, GDX, 1522, 10, 152.254241, 6.100000, 0.000486, 0.000024, 
trial0000252, AA, 2460, 10, 246.053985, 11.700000, 0.000011, 0.000285, GDX, 828, 10, 82.846015, 4.100000, 0.000487, 0.000031, 
trial0000253, AA, 2815, 10, 281.529997, 11.200000, 0.000010, 0.000303, GDX, 658, 10, 65.870003, 5.200000, 0.000453, 0.000026, 
trial0000254, AA, 3220, 10, 322.046147, 15.600000, 0.000010, 0.000171, GDX, 397, 10, 39.753853, 3.600000, 0.000438, 0.000025, 
trial0000255, AA, 2032, 10, 203.275459, 13.200000, 0.000010, 0.000259, GDX, 1093, 10, 109.324541, 6.000000, 0.000518, 0.000025, 
trial0000256, AA, 1500, 10, 150.065410, 8.700000, 0.000010, 0.000500, GDX, 1252, 10, 125.234590, 6.300000, 0.000516, 0.000025, 
trial0000257, AA, 1986, 10, 198.677294, 14.400000, 0.000010, 0.000174, GDX, 1058, 10, 105.822706, 5.000000, 0.000526, 0.000026, 
trial0000258, AA, 2168, 10, 216.848755, 13.700000, 0.000010, 0.000173, GDX, 1063, 10, 106.351245, 3.900000, 0.000538, 0.000029, 
trial0000259, AA, 1344, 10, 134.487676, 12.700000, 0.000010, 0.000237, GDX, 1383, 10, 138.312324, 4.500000, 0.000566, 0.000023, 
trial0000260, AA, 1349, 10, 134.998321, 11.300000, 0.000010, 0.000189, GDX, 1451, 10, 145.101679, 6.300000, 0.000506, 0.000028, 
trial0000261, AA, 500, 10, 50.012906, 6.000000, 0.000009, 0.000226, GDX, 1903, 10, 190.387094, 9.800000, 0.000508, 0.000033, 
trial0000262, AA, 2178, 10, 217.858365, 12.200000, 0.000011, 0.000165, GDX, 814, 10, 81.441635, 4.200000, 0.000501, 0.000025, 
trial0000263, AA, 1380, 10, 138.004135, 7.400000, 0.000010, 0.000281, GDX, 1400, 10, 140.095865, 8.600000, 0.000467, 0.000028, 
trial0000264, AA, 885, 10, 88.571384, 7.700000, 0.000010, 0.000474, GDX, 1420, 10, 142.028616, 6.300000, 0.000507, 0.000025, 
trial0000265, AA, 1846, 10, 184.675110, 11.500000, 0.000010, 0.000380, GDX, 869, 10, 86.924890, 3.900000, 0.000491, 0.000023, 
trial0000266, AA, 3042, 10, 304.264783, 12.000000, 0.000010, 0.000228, GDX, 512, 10, 51.235217, 4.800000, 0.000437, 0.000027, 
trial0000267, AA, 2359, 10, 235.909526, 12.100000, 0.000010, 0.000253, GDX, 853, 10, 85.390474, 5.300000, 0.000500, 0.000026, 
trial0000268, AA, 1831, 10, 183.169826, 9.200000, 0.000010, 0.000334, GDX, 1049, 10, 104.930174, 6.200000, 0.000506, 0.000031, 
trial0000269, AA, 2003, 10, 200.375102, 12.700000, 0.000010, 0.000189, GDX, 986, 10, 98.624898, 5.300000, 0.000490, 0.000026, 
trial0000270, AA, 2264, 10, 226.443147, 12.900000, 0.000010, 0.000193, GDX, 851, 10, 85.156853, 5.100000, 0.000470, 0.000038, 
trial0000271, AA, 2587, 10, 258.743321, 13.500000, 0.000010, 0.000167, GDX, 805, 10, 80.556679, 4.500000, 0.000477, 0.000034, 
trial0000272, AA, 856, 10, 85.649114, 6.100000, 0.000010, 0.000492, GDX, 1745, 10, 174.550886, 8.100000, 0.000497, 0.000026, 
trial0000273, AA, 1606, 10, 160.612197, 7.400000, 0.000010, 0.000277, GDX, 1462, 10, 146.287803, 8.800000, 0.000491, 0.000036, 
trial0000274, AA, 2415, 10, 241.528603, 12.100000, 0.000010, 0.000199, GDX, 753, 10, 75.371397, 5.700000, 0.000505, 0.000026, 
trial0000275, AA, 2592, 10, 259.210971, 10.300000, 0.000011, 0.000507, GDX, 679, 10, 67.989029, 5.500000, 0.000446, 0.000027, 
trial0000276, AA, 1540, 10, 154.020376, 10.700000, 0.000010, 0.000375, GDX, 1267, 10, 126.779624, 5.500000, 0.000518, 0.000025, 
trial0000277, AA, 2034, 10, 203.482300, 8.500000, 0.000010, 0.000757, GDX, 1021, 10, 102.117700, 6.300000, 0.000465, 0.000031, 
trial0000278, AA, 2061, 10, 206.178090, 12.700000, 0.000010, 0.000219, GDX, 949, 10, 94.921910, 3.100000, 0.000508, 0.000029, 
trial0000279, AA, 3223, 10, 322.349587, 13.200000, 0.000010, 0.000235, GDX, 424, 10, 42.450413, 4.000000, 0.000438, 0.000026, 
trial0000280, AA, 1903, 10, 190.388444, 11.200000, 0.000010, 0.000352, GDX, 1118, 10, 111.811556, 5.000000, 0.000496, 0.000026, 
trial0000281, AA, 1653, 10, 165.343443, 11.100000, 0.000010, 0.000338, GDX, 1172, 10, 117.256557, 5.300000, 0.000528, 0.000026, 
trial0000282, AA, 1235, 10, 123.557788, 8.300000, 0.000010, 0.000264, GDX, 1586, 10, 158.642212, 6.900000, 0.000513, 0.000026, 
trial0000283, AA, 1767, 10, 176.719226, 8.500000, 0.000010, 0.000624, GDX, 1241, 10, 124.180774, 6.900000, 0.000504, 0.000035, 
trial0000284, AA, 2351, 10, 235.176586, 10.200000, 0.000010, 0.000626, GDX, 830, 10, 83.023414, 5.200000, 0.000504, 0.000028, 
trial0000285, AA, 2234, 10, 223.426335, 13.700000, 0.000010, 0.000196, GDX, 973, 10, 97.373665, 4.500000, 0.000504, 0.000023, 
trial0000286, AA, 2415, 10, 241.546579, 11.500000, 0.000010, 0.000358, GDX, 822, 10, 82.253421, 5.500000, 0.000477, 0.000039, 
trial0000287, AA, 1682, 10, 168.258640, 8.500000, 0.000010, 0.000530, GDX, 1268, 10, 126.841360, 6.300000, 0.000493, 0.000034, 
trial0000288, AA, 1237, 10, 123.751377, 8.400000, 0.000010, 0.000710, GDX, 1450, 10, 145.048623, 6.000000, 0.000526, 0.000023, 
trial0000289, AA, 2191, 10, 219.194112, 12.700000, 0.000010, 0.000187, GDX, 827, 10, 82.705888, 5.700000, 0.000488, 0.000029, 
trial0000290, AA, 2494, 10, 249.428260, 13.000000, 0.000010, 0.000351, GDX, 824, 10, 82.471740, 3.000000, 0.000526, 0.000026, 
trial0000291, AA, 2142, 10, 214.250300, 11.000000, 0.000010, 0.000198, GDX, 1238, 10, 123.849700, 7.800000, 0.000513, 0.000038, 
trial0000292, AA, 1892, 10, 189.232548, 11.400000, 0.000010, 0.000239, GDX, 1136, 10, 113.667452, 5.800000, 0.000488, 0.000032, 
trial0000293, AA, 2488, 10, 248.875523, 10.900000, 0.000010, 0.000361, GDX, 849, 10, 84.924477, 4.900000, 0.000481, 0.000027, 
trial0000294, AA, 1747, 10, 174.785803, 8.700000, 0.000010, 0.000521, GDX, 1199, 10, 119.914197, 7.100000, 0.000490, 0.000029, 
trial0000295, AA, 1205, 10, 120.571953, 7.400000, 0.000010, 0.000478, GDX, 1547, 10, 154.728047, 6.600000, 0.000497, 0.000033, 
trial0000296, AA, 1543, 10, 154.306394, 10.700000, 0.000010, 0.000299, GDX, 1322, 10, 132.293606, 5.700000, 0.000553, 0.000029, 
trial0000297, AA, 1729, 10, 172.935614, 9.300000, 0.000010, 0.000254, GDX, 1224, 10, 122.464386, 7.300000, 0.000461, 0.000031, 
trial0000298, AA, 2508, 10, 250.800487, 11.400000, 0.000010, 0.000261, GDX, 729, 10, 72.999513, 6.000000, 0.000487, 0.000028, 
trial0000299, AA, 1524, 10, 152.436358, 9.900000, 0.000010, 0.000353, GDX, 1270, 10, 127.063642, 5.100000, 0.000510, 0.000025, 
trial0000300, AA, 3122, 10, 312.205065, 14.600000, 0.000011, 0.000196, GDX, 263, 10, 26.394935, 1.600000, 0.000478, 0.000022, 
trial0000301, AA, 159, 10, 15.902487, 4.300000, 0.000010, 0.001166, GDX, 182, 10, 18.297513, 1.900000, 0.000419, 0.000027, 
trial0000302, AA, 356, 10, 35.666107, 4.300000, 0.000010, 0.000894, GDX, 78, 10, 7.833893, 1.700000, 0.000417, 0.000029, 
trial0000303, AA, 94, 10, 9.433457, 2.300000, 0.000010, 0.000714, GDX, 267, 10, 26.766543, 3.900000, 0.000361, 0.000027, 
trial0000304, AA, 166, 10, 16.678807, 2.400000, 0.000010, 0.002449, GDX, 200, 10, 20.021193, 2.800000, 0.000352, 0.000026, 
trial0000305, AA, 490, 10, 49.080638, 7.800000, 0.000010, 0.000700, GDX, 6, 10, 0.619362, 0.400000, 0.000429, 0.000028, 
trial0000306, AA, 0, 10, 0.000000, 0.000000, 0.000010, 0.001012, GDX, 395, 10, 39.500000, 6.000000, 0.000327, 0.000028, 
trial0000307, AA, 183, 10, 18.398642, 2.100000, 0.000009, 0.000587, GDX, 226, 10, 22.601358, 2.900000, 0.000414, 0.000027, 
trial0000308, AA, 184, 10, 18.412407, 2.000000, 0.000010, 0.002181, GDX, 240, 10, 24.087593, 3.000000, 0.000377, 0.000023, 
trial0000309, AA, 0, 10, 0.000000, 0.000000, 0.000010, 0.000889, GDX, 0, 10, 0.000000, 0.000000, 0.000323, 0.000034, 
trial0000310, AA, 396, 10, 39.675217, 4.900000, 0.000009, 0.001590, GDX, 44, 10, 4.424783, 0.700000, 0.000405, 0.000021, 
trial0000311, AA, 164, 10, 16.418148, 4.300000, 0.000010, 0.001193, GDX, 157, 10, 15.781852, 1.900000, 0.000402, 0.000024, 
trial0000312, AA, 291, 10, 29.129046, 4.000000, 0.000010, 0.000906, GDX, 198, 10, 19.870954, 3.000000, 0.000414, 0.000036, 
trial0000313, AA, 297, 10, 29.744833, 4.900000, 0.000010, 0.001410, GDX, 97, 10, 9.755167, 1.100000, 0.000432, 0.000023, 
trial0000314, AA, 142, 10, 14.213088, 2.800000, 0.000010, 0.000973, GDX, 219, 10, 21.986912, 2.400000, 0.000438, 0.000024, 
trial0000315, AA, 168, 10, 16.832614, 3.200000, 0.000009, 0.000803, GDX, 181, 10, 18.167386, 2.800000, 0.000392, 0.000026, 
trial0000316, AA, 422, 10, 42.241094, 4.800000, 0.000010, 0.001607, GDX, 49, 10, 4.958906, 1.400000, 0.000350, 0.000025, 
trial0000317, AA, 193, 10, 19.356021, 3.300000, 0.000009, 0.000664, GDX, 282, 10, 28.243979, 3.300000, 0.000412, 0.000035, 
trial0000318, AA, 272, 10, 27.220427, 5.000000, 0.000010, 0.001045, GDX, 173, 10, 17.379573, 1.600000, 0.000410, 0.000027, 
trial0000319, AA, 80, 10, 8.029701, 2.000000, 0.000009, 0.001355, GDX, 221, 10, 22.170299, 3.200000, 0.000347, 0.000029, 
trial0000320, AA, 268, 10, 26.814367, 5.300000, 0.000010, 0.001800, GDX, 161, 10, 16.185633, 1.700000, 0.000389, 0.000025, 
trial0000321, AA, 422, 10, 42.265706, 7.000000, 0.000010, 0.000688, GDX, 65, 10, 6.534294, 0.800000, 0.000464, 0.000027, 
trial0000322, AA, 245, 10, 24.552838, 4.700000, 0.000010, 0.001144, GDX, 175, 10, 17.547162, 1.900000, 0.000367, 0.000024, 
trial0000323, AA, 232, 10, 23.249383, 1.900000, 0.000010, 0.001477, GDX, 229, 10, 22.950617, 4.300000, 0.000346, 0.000029, 
trial0000324, AA, 451, 10, 45.197104, 7.300000, 0.000010, 0.000583, GDX, 19, 10, 1.902896, 0.300000, 0.000453, 0.000025, 
trial0000325, AA, 179, 10, 17.978519, 2.400000, 0.000010, 0.000809, GDX, 171, 10, 17.121481, 2.200000, 0.000440, 0.000026, 
trial0000326, AA, 219, 10, 21.921667, 3.500000, 0.000009, 0.001108, GDX, 83, 10, 8.378333, 1.300000, 0.000386, 0.000022, 
trial0000327, AA, 436, 10, 43.687243, 7.600000, 0.000010, 0.000624, GDX, 11, 10, 1.112757, 0.200000, 0.000484, 0.000025, 
trial0000328, AA, 142, 10, 14.241171, 3.500000, 0.000010, 0.000656, GDX, 173, 10, 17.358829, 2.100000, 0.000440, 0.000026, 
trial0000329, AA, 400, 10, 40.085542, 5.000000, 0.000011, 0.002131, GDX, 55, 10, 5.514458, 1.600000, 0.000396, 0.000025, 
trial0000330, AA, 143, 10, 14.320974, 2.100000, 0.000010, 0.002065, GDX, 250, 10, 25.079026, 3.300000, 0.000383, 0.000022, 
trial0000331, AA, 334, 10, 33.497708, 4.200000, 0.000010, 0.000924, GDX, 98, 10, 9.802292, 1.600000, 0.000439, 0.000022, 
trial0000332, AA, 154, 10, 15.450456, 4.400000, 0.000010, 0.001176, GDX, 172, 10, 17.249544, 1.800000, 0.000367, 0.000023, 
trial0000333, AA, 170, 10, 17.038477, 2.200000, 0.000010, 0.000921, GDX, 246, 10, 24.661523, 3.000000, 0.000368, 0.000033, 
trial0000334, AA, 14, 10, 1.400000, 0.300000, 0.000009, 0.001250, GDX, 270, 10, 27.000000, 4.100000, 0.000404, 0.000023, 
trial0000335, AA, 133, 10, 13.327057, 3.000000, 0.000010, 0.002454, GDX, 208, 10, 20.872943, 2.200000, 0.000380, 0.000027, 
trial0000336, AA, 532, 10, 53.228516, 7.400000, 0.000010, 0.000702, GDX, 8, 10, 0.871484, 0.200000, 0.000458, 0.000028, 
trial0000337, AA, 0, 10, 0.000000, 0.000000, 0.000010, 0.000809, GDX, 388, 10, 38.800000, 5.800000, 0.000311, 0.000029, 
trial0000338, AA, 200, 10, 20.051010, 3.300000, 0.000010, 0.001581, GDX, 166, 10, 16.648990, 1.900000, 0.000399, 0.000025, 
trial0000339, AA, 271, 10, 27.132062, 5.200000, 0.000010, 0.001420, GDX, 166, 10, 16.667938, 1.600000, 0.000387, 0.000034, 
trial0000340, AA, 308, 10, 30.804866, 3.600000, 0.000010, 0.002164, GDX, 88, 10, 8.895134, 1.600000, 0.000368, 0.000021, 
trial0000341, AA, 283, 10, 28.354112, 3.500000, 0.000011, 0.000872, GDX, 130, 10, 13.045888, 1.900000, 0.000424, 0.000023, 
trial0000342, AA, 102, 10, 10.234535, 1.700000, 0.000010, 0.001250, GDX, 200, 10, 20.065465, 3.100000, 0.000354, 0.000027, 
trial0000343, AA, 238, 10, 23.897202, 4.600000, 0.000010, 0.000648, GDX, 145, 10, 14.502798, 1.800000, 0.000469, 0.000025, 
trial0000344, AA, 91, 10, 9.187459, 1.300000, 0.000010, 0.001685, GDX, 229, 10, 22.912541, 3.300000, 0.000360, 0.000023, 
trial0000345, AA, 400, 10, 40.001104, 3.900000, 0.000010, 0.001098, GDX, 44, 10, 4.498896, 1.100000, 0.000405, 0.000022, 
trial0000346, AA, 386, 10, 38.629754, 4.500000, 0.000010, 0.002099, GDX, 56, 10, 5.670246, 1.300000, 0.000380, 0.000022, 
trial0000347, AA, 408, 10, 40.852741, 4.600000, 0.000010, 0.001002, GDX, 39, 10, 3.947259, 1.200000, 0.000396, 0.000025, 
trial0000348, AA, 279, 10, 27.971111, 3.700000, 0.000011, 0.001252, GDX, 67, 10, 6.728889, 1.500000, 0.000436, 0.000025, 
trial0000349, AA, 185, 10, 18.571571, 2.000000, 0.000009, 0.000955, GDX, 256, 10, 25.628429, 3.200000, 0.000371, 0.000034, 
trial0000350, AA, 342, 10, 34.265670, 4.400000, 0.000010, 0.000722, GDX, 91, 10, 9.134330, 2.000000, 0.000423, 0.000024, 
trial0000351, AA, 90, 10, 9.068413, 1.800000, 0.000010, 0.000922, GDX, 329, 10, 32.931587, 4.200000, 0.000407, 0.000041, 
trial0000352, AA, 210, 10, 21.029994, 1.900000, 0.000010, 0.001687, GDX, 209, 10, 20.970006, 3.100000, 0.000349, 0.000029, 
trial0000353, AA, 247, 10, 24.751103, 4.700000, 0.000010, 0.001442, GDX, 173, 10, 17.348897, 1.900000, 0.000416, 0.000025, 
trial0000354, AA, 418, 10, 41.854086, 5.000000, 0.000009, 0.000565, GDX, 47, 10, 4.745914, 1.600000, 0.000424, 0.000030, 
trial0000355, AA, 192, 10, 19.234755, 3.600000, 0.000013, 0.002124, GDX, 253, 10, 25.365245, 3.000000, 0.000418, 0.000030, 
trial0000356, AA, 293, 10, 29.397118, 3.600000, 0.000009, 0.001523, GDX, 105, 10, 10.502882, 1.800000, 0.000399, 0.000022, 
trial0000357, AA, 153, 10, 15.395370, 2.400000, 0.000010, 0.001018, GDX, 245, 10, 24.504630, 3.000000, 0.000364, 0.000028, 
trial0000358, AA, 362, 10, 36.269794, 6.900000, 0.000009, 0.001049, GDX, 68, 10, 6.830206, 0.700000, 0.000420, 0.000022, 
trial0000359, AA, 333, 10, 33.360596, 6.900000, 0.000010, 0.000641, GDX, 72, 10, 7.239404, 0.700000, 0.000475, 0.000027, 
trial0000360, AA, 59, 10, 5.973577, 1.200000, 0.000009, 0.002177, GDX, 244, 10, 24.426423, 3.200000, 0.000337, 0.000028, 
trial0000361, AA, 153, 10, 15.360879, 3.400000, 0.000010, 0.001338, GDX, 175, 10, 17.539121, 2.000000, 0.000447, 0.000034, 
trial0000362, AA, 90, 10, 9.098599, 1.600000, 0.000010, 0.002043, GDX, 232, 10, 23.201401, 3.200000, 0.000410, 0.000025, 
trial0000363, AA, 155, 10, 15.517293, 2.900000, 0.000010, 0.001846, GDX, 169, 10, 16.982707, 2.100000, 0.000390, 0.000024, 
trial0000364, AA, 402, 10, 40.213702, 4.900000, 0.000010, 0.001071, GDX, 33, 10, 3.386298, 0.700000, 0.000445, 0.000025, 
trial0000365, AA, 443, 10, 44.302881, 6.900000, 0.000010, 0.002400, GDX, 37, 10, 3.797119, 0.700000, 0.000393, 0.000022, 
trial0000366, AA, 166, 10, 16.608563, 2.400000, 0.000010, 0.000870, GDX, 232, 10, 23.291437, 3.000000, 0.000403, 0.000028, 
trial0000367, AA, 414, 10, 41.479799, 5.000000, 0.000010, 0.000861, GDX, 39, 10, 3.920201, 1.400000, 0.000416, 0.000023, 
trial0000368, AA, 30, 10, 3.032881, 0.800000, 0.000010, 0.002328, GDX, 309, 10, 30.967119, 4.200000, 0.000358, 0.000032, 
trial0000369, AA, 295, 10, 29.558210, 3.500000, 0.000010, 0.000921, GDX, 108, 10, 10.841790, 1.900000, 0.000397, 0.000024, 
trial0000370, AA, 391, 10, 39.142258, 4.800000, 0.000010, 0.000456, GDX, 35, 10, 3.557742, 1.400000, 0.000463, 0.000024, 
trial0000371, AA, 91, 10, 9.124829, 1.900000, 0.000010, 0.000844, GDX, 310, 10, 31.075171, 4.300000, 0.000372, 0.000039, 
trial0000372, AA, 198, 10, 19.817409, 2.600000, 0.000009, 0.000970, GDX, 212, 10, 21.282591, 3.000000, 0.000375, 0.000028, 
trial0000373, AA, 203, 10, 20.386945, 2.900000, 0.000010, 0.001420, GDX, 232, 10, 23.213055, 2.700000, 0.000393, 0.000026, 
trial0000374, AA, 324, 10, 32.407160, 5.000000, 0.000010, 0.000737, GDX, 88, 10, 8.892840, 0.800000, 0.000429, 0.000025, 
trial0000375, AA, 414, 10, 41.435983, 4.300000, 0.000011, 0.001459, GDX, 34, 10, 3.464017, 1.100000, 0.000383, 0.000024, 
trial0000376, AA, 36, 10, 3.648044, 0.700000, 0.000010, 0.001153, GDX, 286, 10, 28.651956, 4.100000, 0.000353, 0.000025, 
trial0000377, AA, 0, 10, 0.000000, 0.000000, 0.000009, 0.000560, GDX, 0, 10, 0.000000, 0.000000, 0.000335, 0.000031, 
trial0000378, AA, 319, 10, 31.987563, 4.400000, 0.000010, 0.001229, GDX, 53, 10, 5.312437, 1.400000, 0.000376, 0.000025, 
trial0000379, AA, 329, 10, 32.902972, 4.800000, 0.000010, 0.001864, GDX, 67, 10, 6.797028, 1.400000, 0.000407, 0.000021, 
trial0000380, AA, 409, 10, 40.906010, 4.600000, 0.000010, 0.002040, GDX, 28, 10, 2.893990, 1.200000, 0.000402, 0.000025, 
trial0000381, AA, 364, 10, 36.405487, 5.100000, 0.000010, 0.001006, GDX, 59, 10, 5.994513, 1.300000, 0.000447, 0.000026, 
trial0000382, AA, 73, 10, 7.334668, 2.500000, 0.000010, 0.000816, GDX, 232, 10, 23.265332, 3.100000, 0.000410, 0.000028, 
trial0000383, AA, 426, 10, 42.661323, 5.000000, 0.000009, 0.000795, GDX, 32, 10, 3.238677, 1.400000, 0.000401, 0.000023, 
trial0000384, AA, 271, 10, 27.175251, 4.300000, 0.000010, 0.000596, GDX, 130, 10, 13.024749, 1.900000, 0.000453, 0.000023, 
trial0000385, AA, 491, 10, 49.195062, 7.700000, 0.000008, 0.000332, GDX, 3, 10, 0.304938, 0.300000, 0.000420, 0.000024, 
trial0000386, AA, 516, 10, 51.645502, 7.500000, 0.000010, 0.001217, GDX, 8, 10, 0.854498, 0.500000, 0.000434, 0.000021, 
trial0000387, AA, 282, 10, 28.286425, 3.400000, 0.000010, 0.001221, GDX, 92, 10, 9.213575, 1.600000, 0.000412, 0.000022, 
trial0000388, AA, 165, 10, 16.502685, 2.700000, 0.000010, 0.001100, GDX, 231, 10, 23.197315, 2.500000, 0.000421, 0.000039, 
trial0000389, AA, 75, 10, 7.515528, 1.500000, 0.000010, 0.001117, GDX, 337, 10, 33.784472, 4.300000, 0.000383, 0.000032, 
trial0000390, AA, 504, 10, 50.460614, 7.800000, 0.000010, 0.001136, GDX, 17, 10, 1.739386, 0.400000, 0.000444, 0.000025, 
trial0000391, AA, 315, 10, 31.562893, 5.300000, 0.000010, 0.000761, GDX, 69, 10, 6.937107, 0.700000, 0.000414, 0.000024, 
trial0000392, AA, 0, 10, 0.000000, 0.000000, 0.000009, 0.001465, GDX, 0, 10, 0.000000, 0.000000, 0.000304, 0.000034, 
trial0000393, AA, 82, 10, 8.206277, 2.500000, 0.000011, 0.001885, GDX, 226, 10, 22.693723, 2.900000, 0.000393, 0.000026, 
trial0000394, AA, 174, 10, 17.457202, 2.300000, 0.000010, 0.001045, GDX, 237, 10, 23.742798, 2.900000, 0.000385, 0.000030, 
trial0000395, AA, 275, 10, 27.582654, 3.700000, 0.000010, 0.000648, GDX, 110, 10, 11.017346, 1.900000, 0.000398, 0.000024, 
trial0000396, AA, 436, 10, 43.623841, 7.000000, 0.000010, 0.000674, GDX, 49, 10, 4.976159, 0.600000, 0.000439, 0.000023, 
trial0000397, AA, 248, 10, 24.853961, 5.900000, 0.000010, 0.001056, GDX, 182, 10, 18.246039, 1.700000, 0.000426, 0.000026, 
trial0000398, AA, 403, 10, 40.300676, 5.300000, 0.000010, 0.001454, GDX, 46, 10, 4.699324, 0.700000, 0.000456, 0.000026, 
trial0000399, AA, 244, 10, 24.444654, 3.600000, 0.000010, 0.000604, GDX, 199, 10, 19.955346, 2.800000, 0.000455, 0.000031, 
trial0000400, AA, 0, 10, 0.000000, 0.000000, 0.000009, 0.001790, GDX, 0, 10, 0.000000, 0.000000, 0.000300, 0.000031, 
trial0000401, AA, 5519, 10, 551.985142, 13.000000, 0.000010, 0.001019, GDX, 5453, 10, 545.314858, 8.800000, 0.000576, 0.000068, 
trial0000402, AA, 5092, 10, 509.294347, 16.100000, 0.000010, 0.000149, GDX, 4594, 10, 459.405653, 6.700000, 0.000612, 0.000059, 
trial0000403, AA, 5527, 10, 552.796351, 15.000000, 0.000010, 0.000150, GDX, 4612, 10, 461.203649, 6.200000, 0.000603, 0.000072, 
trial0000404, AA, 6074, 10, 607.422353, 13.700000, 0.000010, 0.000395, GDX, 3690, 10, 369.077647, 7.300000, 0.000588, 0.000059, 
trial0000405, AA, 4440, 10, 444.009669, 12.600000, 0.000010, 0.000471, GDX, 5250, 10, 525.090331, 8.400000, 0.000543, 0.000069, 
trial0000406, AA, 5426, 10, 542.656738, 12.800000, 0.000010, 0.000195, GDX, 4665, 10, 466.543262, 8.400000, 0.000544, 0.000084, 
trial0000407, AA, 6602, 10, 660.279903, 13.300000, 0.000011, 0.000312, GDX, 3575, 10, 357.520097, 6.700000, 0.000586, 0.000042, 
trial0000408, AA, 7005, 10, 700.547118, 14.900000, 0.000010, 0.000447, GDX, 3591, 10, 359.152882, 7.300000, 0.000530, 0.000053, 
trial0000409, AA, 5372, 10, 537.203850, 12.000000, 0.000010, 0.000398, GDX, 3490, 10, 349.096150, 7.000000, 0.000543, 0.000054, 
trial0000410, AA, 6399, 10, 639.922575, 13.900000, 0.000010, 0.000174, GDX, 4447, 10, 444.777425, 9.300000, 0.000699, 0.000054, 
trial0000411, AA, 4300, 10, 430.014907, 13.600000, 0.000010, 0.000177, GDX, 6125, 10, 612.585093, 9.200000, 0.000512, 0.000084, 
trial0000412, AA, 3505, 10, 350.598649, 10.800000, 0.000010, 0.000441, GDX, 6175, 10, 617.501351, 10.600000, 0.000613, 0.000064, 
trial0000413, AA, 7313, 10, 731.300327, 15.200000, 0.000011, 0.000661, GDX, 3051, 10, 305.199673, 6.400000, 0.000645, 0.000032, 
trial0000414, AA, 7934, 10, 793.494679, 15.600000, 0.000010, 0.000411, GDX, 2211, 10, 221.105321, 5.400000, 0.000595, 0.000038, 
trial0000415, AA, 7029, 10, 702.932543, 15.900000, 0.000011, 0.000433, GDX, 3243, 10, 324.367457, 5.300000, 0.000544, 0.000070, 
trial0000416, AA, 4933, 10, 493.340753, 13.300000, 0.000010, 0.001041, GDX, 5075, 10, 507.559247, 8.100000, 0.000598, 0.000060, 
trial0000417, AA, 4549, 10, 454.920808, 11.300000, 0.000010, 0.000513, GDX, 4966, 10, 496.679192, 8.500000, 0.000519, 0.000062, 
trial0000418, AA, 6810, 10, 681.022440, 14.000000, 0.000011, 0.000348, GDX, 4085, 10, 408.577560, 7.000000, 0.000600, 0.000053, 
trial0000419, AA, 7893, 10, 789.313523, 13.800000, 0.000010, 0.000633, GDX, 2850, 10, 285.086477, 6.400000, 0.000622, 0.000032, 
trial0000420, AA, 6086, 10, 608.608431, 15.300000, 0.000010, 0.000156, GDX, 4354, 10, 435.491569, 7.100000, 0.000573, 0.000065, 
trial0000421, AA, 6706, 10, 670.635250, 16.200000, 0.000010, 0.000223, GDX, 4032, 10, 403.264750, 6.400000, 0.000633, 0.000060, 
trial0000422, AA, 5086, 10, 508.653973, 13.100000, 0.000010, 0.000171, GDX, 4495, 10, 449.546027, 7.300000, 0.000611, 0.000066, 
trial0000423, AA, 6042, 10, 604.241593, 14.100000, 0.000010, 0.000618, GDX, 3450, 10, 345.058407, 6.100000, 0.000611, 0.000073, 
trial0000424, AA, 4760, 10, 476.058630, 10.800000, 0.000010, 0.000528, GDX, 5267, 10, 526.741370, 10.000000, 0.000600, 0.000060, 
trial0000425, AA, 2776, 10, 277.630762, 10.100000, 0.000009, 0.000203, GDX, 7406, 10, 740.669238, 11.500000, 0.000560, 0.000082, 
trial0000426, AA, 3925, 10, 392.511891, 11.600000, 0.000010, 0.000563, GDX, 6182, 10, 618.288109, 9.800000, 0.000501, 0.000084, 
trial0000427, AA, 5323, 10, 532.389896, 11.300000, 0.000009, 0.000171, GDX, 4509, 10, 450.910104, 8.900000, 0.000590, 0.000043, 
trial0000428, AA, 4811, 10, 481.105873, 13.800000, 0.000010, 0.000444, GDX, 4893, 10, 489.394127, 7.400000, 0.000662, 0.000068, 
trial0000429, AA, 5879, 10, 587.944186, 14.200000, 0.000010, 0.000173, GDX, 4279, 10, 427.955814, 6.800000, 0.000636, 0.000066, 
trial0000430, AA, 5775, 10, 577.587998, 11.700000, 0.000010, 0.000478, GDX, 4076, 10, 407.612002, 7.900000, 0.000574, 0.000049, 
trial0000431, AA, 7101, 10, 710.185975, 15.700000, 0.000011, 0.000212, GDX, 3452, 10, 345.214025, 6.500000, 0.000626, 0.000058, 
trial0000432, AA, 5772, 10, 577.244433, 13.200000, 0.000011, 0.000876, GDX, 4069, 10, 406.955567, 7.000000, 0.000541, 0.000065, 
trial0000433, AA, 4923, 10, 492.379836, 12.700000, 0.000010, 0.000229, GDX, 6345, 10, 634.520164, 9.900000, 0.000495, 0.000102, 
trial0000434, AA, 5669, 10, 566.960805, 12.300000, 0.000010, 0.000261, GDX, 4802, 10, 480.239195, 9.500000, 0.000512, 0.000067, 
trial0000435, AA, 3924, 10, 392.445286, 11.800000, 0.000010, 0.000199, GDX, 6345, 10, 634.554714, 10.400000, 0.000632, 0.000079, 
trial0000436, AA, 6381, 10, 638.196870, 14.900000, 0.000011, 0.000487, GDX, 3459, 10, 345.903130, 5.900000, 0.000617, 0.000059, 
trial0000437, AA, 6437, 10, 643.707934, 13.400000, 0.000010, 0.000186, GDX, 4056, 10, 405.692066, 7.800000, 0.000708, 0.000037, 
trial0000438, AA, 8877, 10, 887.702962, 16.100000, 0.000011, 0.000208, GDX, 1624, 10, 162.497038, 4.300000, 0.000612, 0.000026, 
trial0000439, AA, 5805, 10, 580.515146, 11.400000, 0.000010, 0.000187, GDX, 3745, 10, 374.584854, 8.400000, 0.000578, 0.000073, 
trial0000440, AA, 5234, 10, 523.470284, 12.600000, 0.000011, 0.001078, GDX, 4749, 10, 474.929716, 8.400000, 0.000648, 0.000066, 
trial0000441, AA, 7663, 10, 766.317931, 13.900000, 0.000011, 0.000621, GDX, 2926, 10, 292.682069, 6.900000, 0.000542, 0.000054, 
trial0000442, AA, 3341, 10, 334.196264, 10.200000, 0.000010, 0.000180, GDX, 6481, 10, 648.103736, 9.800000, 0.000565, 0.000073, 
trial0000443, AA, 5055, 10, 505.579206, 13.900000, 0.000010, 0.000148, GDX, 5774, 10, 577.420794, 9.100000, 0.000582, 0.000075, 
trial0000444, AA, 7174, 10, 717.490153, 14.600000, 0.000010, 0.000200, GDX, 3324, 10, 332.409847, 7.000000, 0.000683, 0.000032, 
trial0000445, AA, 4515, 10, 451.526731, 11.300000, 0.000010, 0.000424, GDX, 5712, 10, 571.273269, 10.500000, 0.000637, 0.000052, 
trial0000446, AA, 4380, 10, 438.052618, 13.300000, 0.000010, 0.000161, GDX, 5756, 10, 575.647382, 8.700000, 0.000563, 0.000077, 
trial0000447, AA, 5628, 10, 562.809804, 13.700000, 0.000010, 0.000327, GDX, 4290, 10, 429.090196, 8.100000, 0.000610, 0.000059, 
trial0000448, AA, 6759, 10, 675.921752, 14.300000, 0.000010, 0.000297, GDX, 3639, 10, 363.978248, 7.300000, 0.000589, 0.000060, 
trial0000449, AA, 5265, 10, 526.532278, 13.700000, 0.000010, 0.000260, GDX, 3600, 10, 360.067722, 7.300000, 0.000588, 0.000051, 
trial0000450, AA, 4944, 10, 494.434593, 11.800000, 0.000010, 0.000206, GDX, 4564, 10, 456.465407, 7.600000, 0.000533, 0.000083, 
trial0000451, AA, 7691, 10, 769.118823, 16.400000, 0.000010, 0.000361, GDX, 3397, 10, 339.781177, 6.200000, 0.000588, 0.000079, 
trial0000452, AA, 9459, 10, 945.985531, 16.500000, 0.000010, 0.000690, GDX, 1518, 10, 151.814469, 5.100000, 0.000584, 0.000028, 
trial0000453, AA, 5706, 10, 570.676530, 12.000000, 0.000010, 0.000212, GDX, 4834, 10, 483.423470, 8.600000, 0.000473, 0.000074, 
trial0000454, AA, 5498, 10, 549.848186, 12.100000, 0.000010, 0.000432, GDX, 4799, 10, 479.951814, 9.300000, 0.000544, 0.000068, 
trial0000455, AA, 6471, 10, 647.144155, 12.900000, 0.000010, 0.000282, GDX, 3970, 10, 397.055845, 8.700000, 0.000591, 0.000050, 
trial0000456, AA, 6220, 10, 622.035473, 13.200000, 0.000010, 0.000236, GDX, 4105, 10, 410.564527, 8.200000, 0.000684, 0.000031, 
trial0000457, AA, 7024, 10, 702.470653, 15.900000, 0.000010, 0.000173, GDX, 3533, 10, 353.329347, 6.500000, 0.000652, 0.000059, 
trial0000458, AA, 5868, 10, 586.822919, 11.500000, 0.000010, 0.000212, GDX, 4968, 10, 496.877081, 10.700000, 0.000562, 0.000053, 
trial0000459, AA, 7721, 10, 772.121902, 15.000000, 0.000011, 0.000422, GDX, 2853, 10, 285.378098, 6.000000, 0.000601, 0.000074, 
trial0000460, AA, 7017, 10, 701.799993, 12.500000, 0.000010, 0.000182, GDX, 3413, 10, 341.300007, 7.500000, 0.000630, 0.000032, 
trial0000461, AA, 6127, 10, 612.744090, 13.600000, 0.000010, 0.000282, GDX, 4658, 10, 465.855910, 8.400000, 0.000506, 0.000083, 
trial0000462, AA, 4458, 10, 445.836313, 12.400000, 0.000010, 0.000172, GDX, 5984, 10, 598.463687, 10.000000, 0.000446, 0.000073, 
trial0000463, AA, 5424, 10, 542.404995, 13.700000, 0.000010, 0.000438, GDX, 4597, 10, 459.795005, 7.900000, 0.000588, 0.000075, 
trial0000464, AA, 4929, 10, 492.975868, 11.900000, 0.000010, 0.000150, GDX, 5211, 10, 521.124132, 8.100000, 0.000569, 0.000105, 
trial0000465, AA, 5841, 10, 584.166429, 14.100000, 0.000010, 0.000316, GDX, 4803, 10, 480.333571, 7.700000, 0.000525, 0.000075, 
trial0000466, AA, 6414, 10, 641.419593, 16.300000, 0.000011, 0.000310, GDX, 4235, 10, 423.580407, 6.900000, 0.000618, 0.000071, 
trial0000467, AA, 4792, 10, 479.239760, 12.200000, 0.000010, 0.000219, GDX, 5408, 10, 540.860240, 9.800000, 0.000607, 0.000055, 
trial0000468, AA, 3912, 10, 391.296968, 9.800000, 0.000010, 0.000260, GDX, 6307, 10, 630.703032, 11.400000, 0.000593, 0.000059, 
trial0000469, AA, 5266, 10, 526.669395, 12.300000, 0.000011, 0.000326, GDX, 5236, 10, 523.630605, 9.100000, 0.000594, 0.000076, 
trial0000470, AA, 5799, 10, 579.989075, 15.300000, 0.000010, 0.000163, GDX, 4271, 10, 427.110925, 6.700000, 0.000588, 0.000062, 
trial0000471, AA, 7215, 10, 721.550136, 14.300000, 0.000010, 0.000190, GDX, 3172, 10, 317.249864, 6.700000, 0.000668, 0.000033, 
trial0000472, AA, 5461, 10, 546.174888, 12.500000, 0.000010, 0.000197, GDX, 4384, 10, 438.425112, 7.500000, 0.000610, 0.000059, 
trial0000473, AA, 6003, 10, 600.350747, 16.600000, 0.000011, 0.000170, GDX, 4258, 10, 425.849253, 6.200000, 0.000590, 0.000081, 
trial0000474, AA, 5104, 10, 510.463360, 14.600000, 0.000010, 0.000318, GDX, 5384, 10, 538.436640, 8.600000, 0.000581, 0.000102, 
trial0000475, AA, 5664, 10, 566.495383, 14.800000, 0.000011, 0.000167, GDX, 4668, 10, 466.804617, 6.800000, 0.000521, 0.000088, 
trial0000476, AA, 6569, 10, 656.932945, 14.900000, 0.000010, 0.000218, GDX, 3789, 10, 378.967055, 7.700000, 0.000604, 0.000061, 
trial0000477, AA, 4804, 10, 480.433285, 13.900000, 0.000010, 0.000331, GDX, 4835, 10, 483.566715, 7.700000, 0.000607, 0.000076, 
trial0000478, AA, 5296, 10, 529.639920, 12.100000, 0.000010, 0.000202, GDX, 5148, 10, 514.860080, 10.100000, 0.000645, 0.000071, 
trial0000479, AA, 5417, 10, 541.707459, 14.600000, 0.000010, 0.001111, GDX, 4452, 10, 445.292541, 7.400000, 0.000643, 0.000065, 
trial0000480, AA, 2084, 10, 208.421833, 10.500000, 0.000010, 0.000153, GDX, 7253, 10, 725.378167, 10.100000, 0.000607, 0.000083, 
trial0000481, AA, 6656, 10, 665.657980, 12.900000, 0.000010, 0.000529, GDX, 3612, 10, 361.242020, 6.900000, 0.000543, 0.000061, 
trial0000482, AA, 6401, 10, 640.196209, 14.000000, 0.000011, 0.000340, GDX, 4547, 10, 454.703791, 7.400000, 0.000586, 0.000068, 
trial0000483, AA, 7979, 10, 797.935580, 15.900000, 0.000011, 0.000174, GDX, 1975, 10, 197.564420, 4.900000, 0.000658, 0.000028, 
trial0000484, AA, 5218, 10, 521.806505, 13.700000, 0.000010, 0.000348, GDX, 4268, 10, 426.893495, 7.500000, 0.000657, 0.000033, 
trial0000485, AA, 3852, 10, 385.263522, 10.800000, 0.000010, 0.000182, GDX, 6377, 10, 637.736478, 11.400000, 0.000679, 0.000081, 
trial0000486, AA, 7188, 10, 718.808520, 16.200000, 0.000011, 0.000356, GDX, 3142, 10, 314.291480, 5.800000, 0.000619, 0.000069, 
trial0000487, AA, 6972, 10, 697.253243, 10.800000, 0.000010, 0.000286, GDX, 4066, 10, 406.646757, 11.200000, 0.000689, 0.000040, 
trial0000488, AA, 6026, 10, 602.681293, 14.700000, 0.000010, 0.000320, GDX, 4057, 10, 405.718707, 7.100000, 0.000565, 0.000060, 
trial0000489, AA, 4280, 10, 428.051097, 13.600000, 0.000011, 0.000571, GDX, 4983, 10, 498.348903, 7.800000, 0.000574, 0.000074, 
trial0000490, AA, 5637, 10, 563.743181, 12.700000, 0.000010, 0.000240, GDX, 5359, 10, 535.956819, 9.900000, 0.000586, 0.000058, 
trial0000491, AA, 4969, 10, 496.961901, 13.600000, 0.000010, 0.000152, GDX, 4864, 10, 486.438099, 8.000000, 0.000636, 0.000065, 
trial0000492, AA, 6024, 10, 602.492422, 11.200000, 0.000010, 0.000400, GDX, 4679, 10, 467.907578, 10.200000, 0.000572, 0.000075, 
trial0000493, AA, 4088, 10, 408.859899, 11.000000, 0.000010, 0.000268, GDX, 4554, 10, 455.440101, 9.200000, 0.000559, 0.000052, 
trial0000494, AA, 7930, 10, 793.036975, 15.500000, 0.000011, 0.000381, GDX, 2249, 10, 224.963025, 5.500000, 0.000646, 0.000030, 
trial0000495, AA, 4274, 10, 427.432795, 14.300000, 0.000010, 0.000152, GDX, 4573, 10, 457.367205, 6.700000, 0.000678, 0.000065, 
trial0000496, AA, 5241, 10, 524.132242, 13.100000, 0.000010, 0.000266, GDX, 5627, 10, 562.767758, 9.700000, 0.000504, 0.000100, 
trial0000497, AA, 5063, 10, 506.321988, 11.600000, 0.000011, 0.000428, GDX, 4094, 10, 409.478012, 8.200000, 0.000623, 0.000029, 
trial0000498, AA, 7617, 10, 761.716599, 16.700000, 0.000010, 0.000183, GDX, 3355, 10, 335.583401, 6.900000, 0.000685, 0.000063, 
trial0000499, AA, 5615, 10, 561.599336, 12.700000, 0.000011, 0.000251, GDX, 4712, 10, 471.200664, 8.300000, 0.000579, 0.000069, 
trial0000500, AA, 8947, 10, 894.762417, 17.300000, 0.000011, 0.000205, GDX, 2147, 10, 214.737583, 4.700000, 0.000599, 0.000049, 
trial0000501, AA, 6190, 10, 619.078049, 12.700000, 0.000010, 0.000340, GDX, 3470, 10, 347.021951, 8.300000, 0.000449, 0.000060, 
trial0000502, AA, 3979, 10, 397.910095, 12.300000, 0.000010, 0.000171, GDX, 4262, 10, 426.289905, 7.500000, 0.000508, 0.000061, 
trial0000503, AA, 5980, 10, 598.074623, 13.700000, 0.000010, 0.000191, GDX, 3635, 10, 363.525377, 8.700000, 0.000511, 0.000061, 
trial0000504, AA, 6854, 10, 685.489341, 15.500000, 0.000010, 0.000192, GDX, 2340, 10, 234.010659, 5.700000, 0.000538, 0.000026, 
trial0000505, AA, 4433, 10, 443.371751, 12.700000, 0.000010, 0.000336, GDX, 3934, 10, 393.428249, 6.500000, 0.000536, 0.000032, 
trial0000506, AA, 6426, 10, 642.613115, 14.100000, 0.000011, 0.000317, GDX, 2842, 10, 284.286885, 5.900000, 0.000559, 0.000028, 
trial0000507, AA, 3848, 10, 384.886175, 11.500000, 0.000010, 0.000457, GDX, 4623, 10, 462.313825, 8.900000, 0.000556, 0.000039, 
trial0000508, AA, 2596, 10, 259.604544, 9.100000, 0.000010, 0.000518, GDX, 5556, 10, 555.695456, 9.900000, 0.000510, 0.000065, 
trial0000509, AA, 4969, 10, 496.936533, 9.500000, 0.000010, 0.000319, GDX, 4385, 10, 438.563467, 10.300000, 0.000527, 0.000051, 
trial0000510, AA, 5286, 10, 528.680741, 9.900000, 0.000010, 0.000527, GDX, 3906, 10, 390.619259, 8.900000, 0.000460, 0.000032, 
trial0000511, AA, 4214, 10, 421.477149, 11.300000, 0.000010, 0.000208, GDX, 3914, 10, 391.422851, 8.300000, 0.000462, 0.000078, 
trial0000512, AA, 5821, 10, 582.174838, 11.900000, 0.000010, 0.000360, GDX, 3801, 10, 380.125162, 9.100000, 0.000457, 0.000046, 
trial0000513, AA, 5200, 10, 520.028366, 10.000000, 0.000010, 0.001149, GDX, 3195, 10, 319.571634, 8.800000, 0.000447, 0.000051, 
trial0000514, AA, 6539, 10, 653.939346, 16.900000, 0.000011, 0.000212, GDX, 2135, 10, 213.560654, 3.700000, 0.000539, 0.000026, 
trial0000515, AA, 5051, 10, 505.105388, 12.100000, 0.000010, 0.000189, GDX, 3038, 10, 303.894612, 6.700000, 0.000549, 0.000041, 
trial0000516, AA, 5001, 10, 500.174662, 12.500000, 0.000010, 0.000204, GDX, 3880, 10, 388.025338, 7.900000, 0.000514, 0.000056, 
trial0000517, AA, 4493, 10, 449.319700, 9.400000, 0.000010, 0.000294, GDX, 4497, 10, 449.780300, 10.200000, 0.000408, 0.000060, 
trial0000518, AA, 3827, 10, 382.715298, 10.100000, 0.000010, 0.000584, GDX, 5005, 10, 500.584702, 9.300000, 0.000529, 0.000058, 
trial0000519, AA, 3883, 10, 388.369160, 11.600000, 0.000010, 0.000241, GDX, 4704, 10, 470.430840, 9.800000, 0.000529, 0.000058, 
trial0000520, AA, 4918, 10, 491.892964, 10.900000, 0.000010, 0.000474, GDX, 4370, 10, 437.007036, 10.700000, 0.000441, 0.000056, 
trial0000521, AA, 4652, 10, 465.249430, 14.800000, 0.000011, 0.000224, GDX, 4333, 10, 433.350570, 7.400000, 0.000533, 0.000066, 
trial0000522, AA, 4564, 10, 456.459297, 12.700000, 0.000010, 0.000691, GDX, 3916, 10, 391.640703, 7.700000, 0.000498, 0.000049, 
trial0000523, AA, 3939, 10, 393.921274, 11.100000, 0.000010, 0.000311, GDX, 4368, 10, 436.878726, 7.700000, 0.000502, 0.000041, 
trial0000524, AA, 5349, 10, 534.960964, 12.600000, 0.000010, 0.000169, GDX, 3657, 10, 365.739036, 8.200000, 0.000536, 0.000043, 
trial0000525, AA, 4660, 10, 466.068520, 11.800000, 0.000010, 0.000220, GDX, 4253, 10, 425.331480, 8.000000, 0.000502, 0.000057, 
trial0000526, AA, 4980, 10, 498.078405, 9.900000, 0.000010, 0.000406, GDX, 3802, 10, 380.221595, 8.900000, 0.000432, 0.000067, 
trial0000527, AA, 3984, 10, 398.492997, 13.100000, 0.000010, 0.000228, GDX, 4800, 10, 480.007003, 8.700000, 0.000491, 0.000077, 
trial0000528, AA, 7448, 10, 744.844305, 13.200000, 0.000010, 0.000475, GDX, 1944, 10, 194.455695, 6.200000, 0.000434, 0.000026, 
trial0000529, AA, 4472, 10, 447.285911, 12.500000, 0.000010, 0.000651, GDX, 4470, 10, 447.014089, 7.700000, 0.000470, 0.000049, 
trial0000530, AA, 5779, 10, 577.988711, 15.300000, 0.000010, 0.000313, GDX, 3765, 10, 376.511289, 7.100000, 0.000441, 0.000074, 
trial0000531, AA, 6535, 10, 653.525817, 14.700000, 0.000010, 0.000344, GDX, 3138, 10, 313.874183, 7.500000, 0.000403, 0.000069, 
trial0000532, AA, 3848, 10, 384.825057, 12.600000, 0.000010, 0.000367, GDX, 4994, 10, 499.474943, 8.800000, 0.000628, 0.000038, 
trial0000533, AA, 5736, 10, 573.616328, 13.400000, 0.000010, 0.000482, GDX, 3754, 10, 375.483672, 7.600000, 0.000474, 0.000056, 
trial0000534, AA, 2900, 10, 290.076946, 9.300000, 0.000010, 0.001028, GDX, 6051, 10, 605.123054, 11.300000, 0.000456, 0.000054, 
trial0000535, AA, 3648, 10, 364.836539, 9.900000, 0.000010, 0.000913, GDX, 5856, 10, 585.663461, 11.300000, 0.000512, 0.000053, 
trial0000536, AA, 6492, 10, 649.270050, 12.800000, 0.000010, 0.000502, GDX, 3460, 10, 346.029950, 9.200000, 0.000560, 0.000040, 
trial0000537, AA, 4501, 10, 450.149413, 12.300000, 0.000010, 0.000396, GDX, 4121, 10, 412.150587, 7.500000, 0.000516, 0.000056, 
trial0000538, AA, 4916, 10, 491.640987, 10.900000, 0.000010, 0.000564, GDX, 4066, 10, 406.659013, 8.900000, 0.000492, 0.000034, 
trial0000539, AA, 3942, 10, 394.218369, 10.500000, 0.000010, 0.001147, GDX, 4926, 10, 492.681631, 9.500000, 0.000499, 0.000044, 
trial0000540, AA, 6704, 10, 670.404067, 17.500000, 0.000011, 0.000199, GDX, 1938, 10, 193.895933, 3.900000, 0.000516, 0.000027, 
trial0000541, AA, 5975, 10, 597.502878, 12.400000, 0.000011, 0.000876, GDX, 3379, 10, 337.997122, 7.000000, 0.000563, 0.000029, 
trial0000542, AA, 6287, 10, 628.794521, 13.300000, 0.000010, 0.000162, GDX, 3124, 10, 312.405479, 7.500000, 0.000432, 0.000062, 
trial0000543, AA, 1677, 10, 167.768704, 8.100000, 0.000010, 0.000215, GDX, 6070, 10, 607.031296, 11.700000, 0.000508, 0.000058, 
trial0000544, AA, 4567, 10, 456.762608, 12.200000, 0.000010, 0.001543, GDX, 3885, 10, 388.537392, 7.400000, 0.000501, 0.000040, 
trial0000545, AA, 4081, 10, 408.138797, 11.000000, 0.000010, 0.000424, GDX, 4701, 10, 470.161203, 9.000000, 0.000530, 0.000065, 
trial0000546, AA, 5225, 10, 522.590430, 11.200000, 0.000010, 0.000253, GDX, 3379, 10, 337.909570, 8.600000, 0.000515, 0.000042, 
trial0000547, AA, 5384, 10, 538.491597, 13.400000, 0.000010, 0.000377, GDX, 3461, 10, 346.108403, 6.800000, 0.000518, 0.000047, 
trial0000548, AA, 3963, 10, 396.314815, 8.400000, 0.000010, 0.000240, GDX, 4796, 10, 479.685185, 9.600000, 0.000458, 0.000047, 
trial0000549, AA, 4009, 10, 400.953468, 10.400000, 0.000010, 0.000554, GDX, 5007, 10, 500.746532, 9.600000, 0.000416, 0.000066, 
trial0000550, AA, 5313, 10, 531.380622, 13.100000, 0.000010, 0.000232, GDX, 3909, 10, 390.919378, 8.700000, 0.000392, 0.000076, 
trial0000551, AA, 3024, 10, 302.478575, 8.800000, 0.000010, 0.000181, GDX, 6013, 10, 601.321425, 12.800000, 0.000450, 0.000059, 
trial0000552, AA, 4809, 10, 480.910236, 13.400000, 0.000010, 0.000577, GDX, 4406, 10, 440.689764, 8.200000, 0.000466, 0.000051, 
trial0000553, AA, 5664, 10, 566.429189, 16.700000, 0.000011, 0.000511, GDX, 3574, 10, 357.470811, 5.900000, 0.000484, 0.000054, 
trial0000554, AA, 4330, 10, 433.060131, 11.300000, 0.000010, 0.000621, GDX, 4885, 10, 488.539869, 9.500000, 0.000466, 0.000072, 
trial0000555, AA, 2877, 10, 287.705111, 11.700000, 0.000010, 0.000316, GDX, 4986, 10, 498.694889, 9.100000, 0.000507, 0.000074, 
trial0000556, AA, 3950, 10, 395.089162, 11.500000, 0.000010, 0.000383, GDX, 4212, 10, 421.210838, 8.100000, 0.000560, 0.000036, 
trial0000557, AA, 5730, 10, 573.041692, 13.400000, 0.000010, 0.001161, GDX, 3289, 10, 328.958308, 6.200000, 0.000497, 0.000047, 
trial0000558, AA, 6288, 10, 628.831473, 12.300000, 0.000010, 0.000318, GDX, 2494, 10, 249.468527, 6.500000, 0.000443, 0.000036, 
trial0000559, AA, 5800, 10, 580.071861, 11.600000, 0.000010, 0.000384, GDX, 3493, 10, 349.328139, 8.800000, 0.000541, 0.000028, 
trial0000560, AA, 6634, 10, 663.489781, 12.100000, 0.000010, 0.000245, GDX, 2643, 10, 264.310219, 8.300000, 0.000455, 0.000040, 
trial0000561, AA, 3793, 10, 379.367544, 9.100000, 0.000010, 0.000164, GDX, 5164, 10, 516.432456, 11.700000, 0.000439, 0.000075, 
trial0000562, AA, 5809, 10, 580.969424, 13.100000, 0.000009, 0.000158, GDX, 3292, 10, 329.230576, 6.900000, 0.000437, 0.000066, 
trial0000563, AA, 3889, 10, 388.981293, 12.100000, 0.000010, 0.000204, GDX, 4681, 10, 468.118707, 8.300000, 0.000565, 0.000048, 
trial0000564, AA, 5035, 10, 503.556809, 13.300000, 0.000010, 0.000461, GDX, 3516, 10, 351.643191, 7.300000, 0.000534, 0.000030, 
trial0000565, AA, 4344, 10, 434.439236, 13.400000, 0.000010, 0.000450, GDX, 3832, 10, 383.260764, 6.400000, 0.000516, 0.000036, 
trial0000566, AA, 3990, 10, 399.058113, 12.100000, 0.000010, 0.000208, GDX, 5147, 10, 514.741887, 10.300000, 0.000531, 0.000055, 
trial0000567, AA, 4407, 10, 440.720635, 12.700000, 0.000010, 0.000199, GDX, 4431, 10, 443.179365, 8.300000, 0.000507, 0.000053, 
trial0000568, AA, 4218, 10, 421.884330, 11.400000, 0.000010, 0.000409, GDX, 4856, 10, 485.615670, 9.400000, 0.000461, 0.000063, 
trial0000569, AA, 4391, 10, 439.122350, 11.900000, 0.000010, 0.000215, GDX, 4286, 10, 428.677650, 8.100000, 0.000457, 0.000078, 
trial0000570, AA, 3979, 10, 397.932845, 13.100000, 0.000010, 0.000941, GDX, 5483, 10, 548.367155, 10.300000, 0.000545, 0.000059, 
trial0000571, AA, 6079, 10, 607.918589, 12.300000, 0.000010, 0.001147, GDX, 3328, 10, 332.881411, 8.300000, 0.000510, 0.000046, 
trial0000572, AA, 5630, 10, 563.057614, 12.400000, 0.000010, 0.000665, GDX, 3567, 10, 356.742386, 8.400000, 0.000481, 0.000038, 
trial0000573, AA, 2714, 10, 271.499238, 9.700000, 0.000010, 0.000303, GDX, 5572, 10, 557.200762, 10.100000, 0.000564, 0.000048, 
trial0000574, AA, 4296, 10, 429.611797, 12.400000, 0.000010, 0.000777, GDX, 4006, 10, 400.688203, 7.200000, 0.000598, 0.000028, 
trial0000575, AA, 4858, 10, 485.810313, 14.900000, 0.000010, 0.000163, GDX, 4004, 10, 400.489687, 7.100000, 0.000543, 0.000034, 
trial0000576, AA, 6685, 10, 668.549048, 13.300000, 0.000010, 0.000289, GDX, 2519, 10, 251.950952, 6.300000, 0.000450, 0.000050, 
trial0000577, AA, 5860, 10, 586.067452, 12.600000, 0.000010, 0.000254, GDX, 2974, 10, 297.432548, 7.600000, 0.000515, 0.000028, 
trial0000578, AA, 4798, 10, 479.843238, 12.000000, 0.000011, 0.000813, GDX, 3849, 10, 384.956762, 8.400000, 0.000469, 0.000044, 
trial0000579, AA, 4972, 10, 497.254572, 11.300000, 0.000010, 0.000243, GDX, 3963, 10, 396.345428, 8.300000, 0.000455, 0.000052, 
trial0000580, AA, 3721, 10, 372.128672, 12.300000, 0.000010, 0.000235, GDX, 4052, 10, 405.271328, 8.100000, 0.000566, 0.000030, 
trial0000581, AA, 5226, 10, 522.620530, 16.000000, 0.000010, 0.000211, GDX, 3713, 10, 371.379470, 6.200000, 0.000499, 0.000070, 
trial0000582, AA, 3878, 10, 387.847338, 11.100000, 0.000010, 0.000546, GDX, 5427, 10, 542.752662, 10.100000, 0.000528, 0.000074, 
trial0000583, AA, 5257, 10, 525.770740, 11.800000, 0.000010, 0.000971, GDX, 4131, 10, 413.129260, 9.400000, 0.000413, 0.000064, 
trial0000584, AA, 4440, 10, 444.063723, 10.800000, 0.000010, 0.000326, GDX, 4668, 10, 466.836277, 9.800000, 0.000492, 0.000047, 
trial0000585, AA, 4834, 10, 483.435887, 12.300000, 0.000010, 0.000667, GDX, 4047, 10, 404.764113, 8.300000, 0.000554, 0.000032, 
trial0000586, AA, 4406, 10, 440.680256, 11.800000, 0.000010, 0.000425, GDX, 4118, 10, 411.819744, 8.600000, 0.000489, 0.000056, 
trial0000587, AA, 6557, 10, 655.721261, 12.800000, 0.000010, 0.000424, GDX, 2960, 10, 296.078739, 6.800000, 0.000478, 0.000034, 
trial0000588, AA, 5536, 10, 553.693500, 10.500000, 0.000010, 0.000461, GDX, 3661, 10, 366.106500, 8.300000, 0.000394, 0.000066, 
trial0000589, AA, 4275, 10, 427.560858, 11.700000, 0.000010, 0.000233, GDX, 4820, 10, 482.039142, 9.300000, 0.000459, 0.000070, 
trial0000590, AA, 6072, 10, 607.284023, 15.500000, 0.000010, 0.000478, GDX, 2657, 10, 265.715977, 6.100000, 0.000480, 0.000050, 
trial0000591, AA, 6070, 10, 607.074637, 12.000000, 0.000010, 0.000365, GDX, 2724, 10, 272.425363, 6.200000, 0.000523, 0.000029, 
trial0000592, AA, 5662, 10, 566.237540, 14.200000, 0.000011, 0.000190, GDX, 2998, 10, 299.862460, 6.600000, 0.000502, 0.000053, 
trial0000593, AA, 3697, 10, 369.784984, 11.000000, 0.000010, 0.000697, GDX, 4826, 10, 482.615016, 8.200000, 0.000533, 0.000044, 
trial0000594, AA, 3144, 10, 314.439037, 12.000000, 0.000010, 0.000340, GDX, 5202, 10, 520.260963, 8.000000, 0.000557, 0.000050, 
trial0000595, AA, 5900, 10, 590.096321, 15.000000, 0.000011, 0.001409, GDX, 3095, 10, 309.503679, 5.600000, 0.000488, 0.000040, 
trial0000596, AA, 4394, 10, 439.486606, 13.300000, 0.000010, 0.000635, GDX, 3865, 10, 386.513394, 7.100000, 0.000544, 0.000048, 
trial0000597, AA, 3518, 10, 351.803030, 11.300000, 0.000010, 0.000448, GDX, 5176, 10, 517.696970, 9.900000, 0.000527, 0.000042, 
trial0000598, AA, 3389, 10, 338.985130, 10.600000, 0.000010, 0.000345, GDX, 4115, 10, 411.514870, 8.000000, 0.000519, 0.000055, 
trial0000599, AA, 3922, 10, 392.211674, 10.900000, 0.000010, 0.000354, GDX, 5548, 10, 554.888326, 10.900000, 0.000590, 0.000046, 
trial0000600, AA, 4097, 10, 409.701065, 8.600000, 0.000010, 0.000444, GDX, 4756, 10, 475.698935, 10.000000, 0.000441, 0.000061, 
trial0000601, AA, 555, 10, 55.597087, 3.900000, 0.000010, 0.003032, GDX, 79, 10, 7.902913, 1.300000, 0.000381, 0.000022, 
trial0000602, AA, 548, 10, 54.895640, 4.800000, 0.000010, 0.001224, GDX, 86, 10, 8.604360, 1.000000, 0.000393, 0.000033, 
trial0000603, AA, 0, 10, 0.000000, 0.000000, 0.000008, 0.000308, GDX, 0, 10, 0.000000, 0.000000, 0.000316, 0.000027, 
trial0000604, AA, 216, 10, 21.600366, 3.200000, 0.000010, 0.000856, GDX, 223, 10, 22.399634, 2.000000, 0.000411, 0.000025, 
trial0000605, AA, 0, 10, 0.000000, 0.000000, 0.000009, 0.001783, GDX, 0, 10, 0.000000, 0.000000, 0.000284, 0.000029, 
trial0000606, AA, 546, 10, 54.645935, 4.400000, 0.000010, 0.001848, GDX, 84, 10, 8.454065, 1.400000, 0.000375, 0.000023, 
trial0000607, AA, 0, 10, 0.000000, 0.000000, 0.000009, 0.004266, GDX, 0, 10, 0.000000, 0.000000, 0.000271, 0.000029, 
trial0000608, AA, 769, 10, 76.928974, 7.700000, 0.000010, 0.000669, GDX, 5, 10, 0.571026, 0.100000, 0.000427, 0.000023, 
trial0000609, AA, 434, 10, 43.403746, 3.200000, 0.000010, 0.002779, GDX, 140, 10, 14.096254, 1.800000, 0.000323, 0.000026, 
trial0000610, AA, 266, 10, 26.653277, 3.700000, 0.000010, 0.001874, GDX, 302, 10, 30.246723, 2.300000, 0.000433, 0.000036, 
trial0000611, AA, 557, 10, 55.788889, 3.800000, 0.000010, 0.001832, GDX, 120, 10, 12.011111, 1.400000, 0.000391, 0.000020, 
trial0000612, AA, 601, 10, 60.123358, 5.100000, 0.000011, 0.002151, GDX, 99, 10, 9.976642, 2.100000, 0.000354, 0.000024, 
trial0000613, AA, 0, 10, 0.000000, 0.000000, 0.000009, 0.000679, GDX, 0, 10, 0.000000, 0.000000, 0.000272, 0.000030, 
trial0000614, AA, 333, 10, 33.399483, 2.500000, 0.000010, 0.002069, GDX, 248, 10, 24.800517, 2.900000, 0.000342, 0.000028, 
trial0000615, AA, 765, 10, 76.538409, 7.500000, 0.000010, 0.002508, GDX, 9, 10, 0.961591, 0.300000, 0.000369, 0.000021, 
trial0000616, AA, 110, 10, 11.049403, 1.400000, 0.000010, 0.001168, GDX, 417, 10, 41.750597, 3.800000, 0.000331, 0.000031, 
trial0000617, AA, 182, 10, 18.200896, 1.800000, 0.000010, 0.001461, GDX, 414, 10, 41.499104, 3.800000, 0.000367, 0.000027, 
trial0000618, AA, 248, 10, 24.865610, 2.200000, 0.000009, 0.001408, GDX, 476, 10, 47.634390, 4.600000, 0.000365, 0.000084, 
trial0000619, AA, 128, 10, 12.885946, 1.800000, 0.000009, 0.000712, GDX, 536, 10, 53.614054, 5.000000, 0.000372, 0.000092, 
trial0000620, AA, 203, 10, 20.315935, 1.900000, 0.000009, 0.002328, GDX, 308, 10, 30.884065, 3.100000, 0.000325, 0.000028, 
trial0000621, AA, 646, 10, 64.631957, 5.100000, 0.000010, 0.002838, GDX, 79, 10, 7.968043, 1.500000, 0.000358, 0.000023, 
trial0000622, AA, 751, 10, 75.161911, 7.400000, 0.000010, 0.001587, GDX, 12, 10, 1.238089, 0.400000, 0.000387, 0.000022, 
trial0000623, AA, 527, 10, 52.703491, 5.800000, 0.000010, 0.001238, GDX, 176, 10, 17.696509, 1.600000, 0.000374, 0.000028, 
trial0000624, AA, 161, 10, 16.181749, 1.900000, 0.000009, 0.000485, GDX, 385, 10, 38.518251, 3.500000, 0.000340, 0.000029, 
trial0000625, AA, 214, 10, 21.408459, 1.900000, 0.000011, 0.001494, GDX, 448, 10, 44.891541, 3.900000, 0.000393, 0.000031, 
trial0000626, AA, 330, 10, 33.060524, 3.700000, 0.000010, 0.002252, GDX, 215, 10, 21.539476, 1.700000, 0.000331, 0.000021, 
trial0000627, AA, 428, 10, 42.824137, 3.500000, 0.000010, 0.001201, GDX, 177, 10, 17.775863, 1.900000, 0.000349, 0.000023, 
trial0000628, AA, 363, 10, 36.391225, 4.400000, 0.000010, 0.001309, GDX, 170, 10, 17.008775, 1.000000, 0.000380, 0.000022, 
trial0000629, AA, 657, 10, 65.773208, 5.100000, 0.000010, 0.002268, GDX, 67, 10, 6.726792, 1.700000, 0.000398, 0.000024, 
trial0000630, AA, 132, 10, 13.204913, 1.800000, 0.000010, 0.001682, GDX, 508, 10, 50.895087, 4.800000, 0.000333, 0.000033, 
trial0000631, AA, 299, 10, 29.902881, 2.300000, 0.000009, 0.000762, GDX, 393, 10, 39.397119, 4.300000, 0.000400, 0.000058, 
trial0000632, AA, 151, 10, 15.183175, 1.600000, 0.000010, 0.001547, GDX, 374, 10, 37.416825, 3.600000, 0.000325, 0.000038, 
trial0000633, AA, 140, 10, 14.033465, 2.100000, 0.000010, 0.001064, GDX, 393, 10, 39.366535, 3.700000, 0.000348, 0.000030, 
trial0000634, AA, 549, 10, 54.990560, 4.400000, 0.000010, 0.001184, GDX, 81, 10, 8.109440, 1.400000, 0.000377, 0.000025, 
trial0000635, AA, 528, 10, 52.863146, 4.000000, 0.000011, 0.001974, GDX, 94, 10, 9.436854, 1.400000, 0.000388, 0.000022, 
trial0000636, AA, 513, 10, 51.396783, 5.400000, 0.000010, 0.001171, GDX, 149, 10, 14.903217, 1.800000, 0.000361, 0.000023, 
trial0000637, AA, 431, 10, 43.137037, 3.100000, 0.000009, 0.001788, GDX, 196, 10, 19.662963, 2.100000, 0.000387, 0.000027, 
trial0000638, AA, 206, 10, 20.689136, 2.900000, 0.000010, 0.002370, GDX, 340, 10, 34.010864, 2.700000, 0.000381, 0.000032, 
trial0000639, AA, 395, 10, 39.595170, 4.600000, 0.000009, 0.001378, GDX, 150, 10, 15.004830, 0.800000, 0.000407, 0.000024, 
trial0000640, AA, 506, 10, 50.652069, 5.200000, 0.000010, 0.001198, GDX, 179, 10, 17.947931, 1.600000, 0.000392, 0.000024, 
trial0000641, AA, 211, 10, 21.122916, 3.800000, 0.000011, 0.001265, GDX, 263, 10, 26.377084, 2.000000, 0.000357, 0.000023, 
trial0000642, AA, 567, 10, 56.783352, 5.000000, 0.000010, 0.001338, GDX, 52, 10, 5.216648, 0.800000, 0.000394, 0.000025, 
trial0000643, AA, 149, 10, 14.949223, 2.000000, 0.000009, 0.001176, GDX, 396, 10, 39.650777, 3.800000, 0.000345, 0.000028, 
trial0000644, AA, 429, 10, 42.963774, 3.300000, 0.000012, 0.003546, GDX, 245, 10, 24.536226, 3.100000, 0.000328, 0.000030, 
trial0000645, AA, 402, 10, 40.252417, 3.700000, 0.000009, 0.001874, GDX, 248, 10, 24.847583, 3.100000, 0.000336, 0.000028, 
trial0000646, AA, 577, 10, 57.794000, 3.800000, 0.000010, 0.001868, GDX, 69, 10, 6.906000, 1.000000, 0.000362, 0.000020, 
trial0000647, AA, 780, 10, 78.017528, 7.500000, 0.000009, 0.000920, GDX, 6, 10, 0.682472, 0.100000, 0.000405, 0.000028, 
trial0000648, AA, 38, 10, 3.878148, 0.800000, 0.000010, 0.000895, GDX, 259, 10, 25.921852, 2.000000, 0.000441, 0.000022, 
trial0000649, AA, 0, 10, 0.000000, 0.000000, 0.000010, 0.000900, GDX, 633, 10, 63.300000, 6.000000, 0.000318, 0.000078, 
trial0000650, AA, 587, 10, 58.733395, 4.500000, 0.000010, 0.002016, GDX, 80, 10, 8.066605, 0.700000, 0.000418, 0.000033, 
trial0000651, AA, 131, 10, 13.114880, 1.800000, 0.000010, 0.001448, GDX, 329, 10, 32.985120, 3.200000, 0.000368, 0.000027, 
trial0000652, AA, 126, 10, 12.609053, 1.700000, 0.000010, 0.000853, GDX, 486, 10, 48.690947, 4.900000, 0.000359, 0.000047, 
trial0000653, AA, 365, 10, 36.590432, 1.900000, 0.000010, 0.001860, GDX, 270, 10, 27.009568, 3.100000, 0.000322, 0.000028, 
trial0000654, AA, 171, 10, 17.186263, 1.900000, 0.000010, 0.001493, GDX, 448, 10, 44.813737, 4.100000, 0.000441, 0.000031, 
trial0000655, AA, 365, 10, 36.508442, 4.200000, 0.000010, 0.000522, GDX, 386, 10, 38.691558, 3.800000, 0.000424, 0.000063, 
trial0000656, AA, 122, 10, 12.255144, 1.700000, 0.000010, 0.001571, GDX, 415, 10, 41.544856, 3.700000, 0.000370, 0.000029, 
trial0000657, AA, 416, 10, 41.651139, 2.700000, 0.000010, 0.002908, GDX, 239, 10, 23.948861, 2.700000, 0.000357, 0.000027, 
trial0000658, AA, 546, 10, 54.625325, 3.700000, 0.000010, 0.002262, GDX, 101, 10, 10.174675, 1.100000, 0.000356, 0.000023, 
trial0000659, AA, 135, 10, 13.533425, 1.900000, 0.000009, 0.000414, GDX, 520, 10, 52.066575, 4.700000, 0.000364, 0.000051, 
trial0000660, AA, 216, 10, 21.628289, 3.700000, 0.000009, 0.001055, GDX, 277, 10, 27.771711, 2.100000, 0.000350, 0.000029, 
trial0000661, AA, 398, 10, 39.870844, 3.200000, 0.000010, 0.001286, GDX, 186, 10, 18.629156, 2.200000, 0.000343, 0.000023, 
trial0000662, AA, 195, 10, 19.594366, 3.500000, 0.000010, 0.001953, GDX, 324, 10, 32.405634, 2.300000, 0.000369, 0.000026, 
trial0000663, AA, 303, 10, 30.396893, 3.500000, 0.000011, 0.001494, GDX, 244, 10, 24.403107, 1.500000, 0.000385, 0.000020, 
trial0000664, AA, 772, 10, 77.295153, 7.500000, 0.000010, 0.002273, GDX, 3, 10, 0.304847, 0.100000, 0.000427, 0.000023, 
trial0000665, AA, 427, 10, 42.736358, 2.800000, 0.000010, 0.002622, GDX, 159, 10, 15.963642, 1.800000, 0.000374, 0.000029, 
trial0000666, AA, 382, 10, 38.275604, 3.200000, 0.000010, 0.002297, GDX, 191, 10, 19.124396, 2.000000, 0.000378, 0.000024, 
trial0000667, AA, 348, 10, 34.825990, 3.800000, 0.000010, 0.001662, GDX, 416, 10, 41.674010, 3.800000, 0.000432, 0.000073, 
trial0000668, AA, 501, 10, 50.143075, 5.700000, 0.000009, 0.000597, GDX, 223, 10, 22.356925, 1.700000, 0.000405, 0.000027, 
trial0000669, AA, 202, 10, 20.206296, 3.900000, 0.000010, 0.001721, GDX, 324, 10, 32.493704, 2.300000, 0.000332, 0.000026, 
trial0000670, AA, 0, 10, 0.000000, 0.000000, 0.000009, 0.000924, GDX, 0, 10, 0.000000, 0.000000, 0.000297, 0.000029, 
trial0000671, AA, 335, 10, 33.542446, 4.300000, 0.000010, 0.001018, GDX, 149, 10, 14.957554, 1.700000, 0.000360, 0.000025, 
trial0000672, AA, 356, 10, 35.627204, 3.800000, 0.000009, 0.000612, GDX, 232, 10, 23.272796, 2.200000, 0.000368, 0.000025, 
trial0000673, AA, 354, 10, 35.446852, 3.600000, 0.000009, 0.002657, GDX, 158, 10, 15.853148, 1.400000, 0.000397, 0.000021, 
trial0000674, AA, 624, 10, 62.483452, 5.900000, 0.000010, 0.000974, GDX, 63, 10, 6.316548, 1.700000, 0.000392, 0.000023, 
trial0000675, AA, 176, 10, 17.662298, 2.900000, 0.000010, 0.001784, GDX, 273, 10, 27.337702, 2.100000, 0.000388, 0.000022, 
trial0000676, AA, 486, 10, 48.682901, 5.300000, 0.000011, 0.002730, GDX, 219, 10, 21.917099, 1.700000, 0.000335, 0.000023, 
trial0000677, AA, 410, 10, 41.083137, 3.200000, 0.000010, 0.001356, GDX, 165, 10, 16.516863, 1.800000, 0.000373, 0.000032, 
trial0000678, AA, 328, 10, 32.855650, 4.000000, 0.000011, 0.001883, GDX, 159, 10, 15.944350, 1.400000, 0.000348, 0.000022, 
trial0000679, AA, 88, 10, 8.846012, 1.700000, 0.000010, 0.000787, GDX, 508, 10, 50.853988, 4.300000, 0.000376, 0.000040, 
trial0000680, AA, 561, 10, 56.120880, 4.400000, 0.000010, 0.002456, GDX, 82, 10, 8.279120, 1.200000, 0.000383, 0.000030, 
trial0000681, AA, 0, 10, 0.000000, 0.000000, 0.000009, 0.001973, GDX, 0, 10, 0.000000, 0.000000, 0.000282, 0.000027, 
trial0000682, AA, 556, 10, 55.605267, 3.700000, 0.000010, 0.001724, GDX, 101, 10, 10.194733, 1.300000, 0.000385, 0.000024, 
trial0000683, AA, 560, 10, 56.089603, 4.400000, 0.000011, 0.001241, GDX, 91, 10, 9.110397, 1.600000, 0.000352, 0.000027, 
trial0000684, AA, 422, 10, 42.221137, 3.700000, 0.000010, 0.001318, GDX, 250, 10, 25.078863, 3.100000, 0.000361, 0.000041, 
trial0000685, AA, 358, 10, 35.810014, 4.000000, 0.000011, 0.002442, GDX, 206, 10, 20.689986, 2.000000, 0.000337, 0.000024, 
trial0000686, AA, 154, 10, 15.460370, 3.000000, 0.000011, 0.001931, GDX, 219, 10, 21.939630, 1.400000, 0.000389, 0.000023, 
trial0000687, AA, 238, 10, 23.867840, 2.500000, 0.000010, 0.001921, GDX, 367, 10, 36.732160, 3.300000, 0.000378, 0.000027, 
trial0000688, AA, 783, 10, 78.362963, 7.500000, 0.000011, 0.001848, GDX, 3, 10, 0.337037, 0.100000, 0.000399, 0.000020, 
trial0000689, AA, 563, 10, 56.367531, 3.900000, 0.000009, 0.002459, GDX, 103, 10, 10.332469, 1.300000, 0.000370, 0.000021, 
trial0000690, AA, 533, 10, 53.329081, 4.400000, 0.000010, 0.000754, GDX, 137, 10, 13.770919, 2.200000, 0.000368, 0.000024, 
trial0000691, AA, 272, 10, 27.255969, 2.400000, 0.000010, 0.002104, GDX, 420, 10, 42.044031, 4.200000, 0.000386, 0.000039, 
trial0000692, AA, 385, 10, 38.524356, 3.900000, 0.000010, 0.000681, GDX, 400, 10, 40.075644, 3.900000, 0.000415, 0.000059, 
trial0000693, AA, 766, 10, 76.628395, 7.500000, 0.000010, 0.002867, GDX, 8, 10, 0.871605, 0.300000, 0.000412, 0.000026, 
trial0000694, AA, 358, 10, 35.877782, 5.800000, 0.000010, 0.000914, GDX, 147, 10, 14.722218, 0.800000, 0.000454, 0.000023, 
trial0000695, AA, 140, 10, 14.058925, 1.700000, 0.000009, 0.001657, GDX, 432, 10, 43.241075, 4.500000, 0.000356, 0.000062, 
trial0000696, AA, 421, 10, 42.110556, 2.700000, 0.000010, 0.001112, GDX, 193, 10, 19.389444, 2.500000, 0.000377, 0.000026, 
trial0000697, AA, 25, 10, 2.585185, 0.500000, 0.000010, 0.001648, GDX, 555, 10, 55.514815, 4.500000, 0.000333, 0.000057, 
trial0000698, AA, 365, 10, 36.520680, 3.800000, 0.000010, 0.001215, GDX, 190, 10, 19.079320, 2.000000, 0.000367, 0.000023, 
trial0000699, AA, 358, 10, 35.886366, 3.600000, 0.000010, 0.001405, GDX, 177, 10, 17.713634, 1.400000, 0.000394, 0.000021, 
trial0000700, AA, 0, 10, 0.000000, 0.000000, 0.000009, 0.000459, GDX, 0, 10, 0.000000, 0.000000, 0.000346, 0.000029, 
trial0000701, AA, 2468, 10, 246.870818, 7.400000, 0.000009, 0.001526, GDX, 3124, 10, 312.429182, 7.000000, 0.000324, 0.000078, 
trial0000702, AA, 2675, 10, 267.583614, 8.100000, 0.000010, 0.000928, GDX, 2763, 10, 276.316386, 6.900000, 0.000342, 0.000072, 
trial0000703, AA, 4311, 10, 431.176830, 11.500000, 0.000010, 0.000402, GDX, 2324, 10, 232.423170, 4.500000, 0.000354, 0.000073, 
trial0000704, AA, 4129, 10, 412.905521, 8.700000, 0.000010, 0.000840, GDX, 1975, 10, 197.594479, 6.700000, 0.000362, 0.000048, 
trial0000705, AA, 3096, 10, 309.663472, 10.300000, 0.000010, 0.000377, GDX, 2812, 10, 281.236528, 6.300000, 0.000395, 0.000064, 
trial0000706, AA, 1904, 10, 190.400899, 5.800000, 0.000009, 0.001671, GDX, 2771, 10, 277.199101, 7.000000, 0.000396, 0.000047, 
trial0000707, AA, 3847, 10, 384.773460, 11.000000, 0.000009, 0.000255, GDX, 2078, 10, 207.826540, 4.400000, 0.000459, 0.000045, 
trial0000708, AA, 2471, 10, 247.141459, 7.700000, 0.000010, 0.000913, GDX, 3239, 10, 323.958541, 6.900000, 0.000406, 0.000061, 
trial0000709, AA, 3163, 10, 316.303042, 8.000000, 0.000010, 0.001947, GDX, 2398, 10, 239.896958, 5.600000, 0.000403, 0.000051, 
trial0000710, AA, 3542, 10, 354.285855, 7.900000, 0.000010, 0.001012, GDX, 2490, 10, 249.014145, 6.700000, 0.000401, 0.000069, 
trial0000711, AA, 3883, 10, 388.367876, 11.700000, 0.000010, 0.000817, GDX, 2073, 10, 207.332124, 4.900000, 0.000504, 0.000032, 
trial0000712, AA, 2978, 10, 297.800014, 9.100000, 0.000009, 0.000363, GDX, 2562, 10, 256.299986, 5.100000, 0.000448, 0.000047, 
trial0000713, AA, 1914, 10, 191.444136, 7.400000, 0.000009, 0.000276, GDX, 4349, 10, 434.955864, 9.200000, 0.000424, 0.000065, 
trial0000714, AA, 1657, 10, 165.703009, 9.100000, 0.000010, 0.001409, GDX, 3761, 10, 376.196991, 7.500000, 0.000384, 0.000071, 
trial0000715, AA, 4404, 10, 440.495602, 11.900000, 0.000010, 0.000532, GDX, 1773, 10, 177.304398, 3.900000, 0.000484, 0.000034, 
trial0000716, AA, 2777, 10, 277.761439, 9.200000, 0.000010, 0.000915, GDX, 2509, 10, 250.938561, 5.000000, 0.000429, 0.000081, 
trial0000717, AA, 2223, 10, 222.369572, 10.000000, 0.000010, 0.000653, GDX, 3023, 10, 302.330428, 6.000000, 0.000390, 0.000074, 
trial0000718, AA, 3101, 10, 310.169658, 8.600000, 0.000011, 0.000992, GDX, 3040, 10, 304.030342, 6.600000, 0.000503, 0.000042, 
trial0000719, AA, 4132, 10, 413.266023, 10.900000, 0.000010, 0.000888, GDX, 2026, 10, 202.633977, 4.300000, 0.000408, 0.000047, 
trial0000720, AA, 3840, 10, 384.003039, 8.900000, 0.000010, 0.000785, GDX, 2512, 10, 251.296961, 6.100000, 0.000356, 0.000071, 
trial0000721, AA, 1415, 10, 141.530880, 3.300000, 0.000010, 0.001155, GDX, 4176, 10, 417.669120, 11.100000, 0.000407, 0.000043, 
trial0000722, AA, 3298, 10, 329.826964, 9.600000, 0.000010, 0.001295, GDX, 2842, 10, 284.273036, 6.000000, 0.000381, 0.000054, 
trial0000723, AA, 3515, 10, 351.576618, 9.300000, 0.000010, 0.000630, GDX, 2736, 10, 273.623382, 5.500000, 0.000354, 0.000060, 
trial0000724, AA, 3470, 10, 347.036729, 9.500000, 0.000010, 0.000591, GDX, 2467, 10, 246.763271, 5.900000, 0.000395, 0.000056, 
trial0000725, AA, 4389, 10, 438.911188, 10.800000, 0.000010, 0.000379, GDX, 1378, 10, 137.888812, 3.200000, 0.000475, 0.000026, 
trial0000726, AA, 2742, 10, 274.275675, 11.200000, 0.000010, 0.000393, GDX, 2275, 10, 227.524325, 4.400000, 0.000488, 0.000049, 
trial0000727, AA, 4618, 10, 461.826488, 12.600000, 0.000010, 0.002110, GDX, 1755, 10, 175.573512, 3.800000, 0.000395, 0.000033, 
trial0000728, AA, 3046, 10, 304.618135, 8.500000, 0.000011, 0.000654, GDX, 2389, 10, 238.981865, 5.100000, 0.000368, 0.000057, 
trial0000729, AA, 3178, 10, 317.880209, 7.900000, 0.000010, 0.000793, GDX, 2613, 10, 261.319791, 6.300000, 0.000335, 0.000073, 
trial0000730, AA, 3244, 10, 324.468992, 7.100000, 0.000010, 0.000567, GDX, 2529, 10, 252.931008, 6.900000, 0.000388, 0.000055, 
trial0000731, AA, 2764, 10, 276.446573, 10.000000, 0.000010, 0.000533, GDX, 2848, 10, 284.853427, 6.000000, 0.000468, 0.000050, 
trial0000732, AA, 2217, 10, 221.726796, 7.300000, 0.000011, 0.001511, GDX, 3846, 10, 384.673204, 8.100000, 0.000310, 0.000070, 
trial0000733, AA, 3048, 10, 304.822699, 9.600000, 0.000010, 0.000381, GDX, 2700, 10, 270.077301, 6.000000, 0.000368, 0.000066, 
trial0000734, AA, 3306, 10, 330.666944, 11.400000, 0.000010, 0.000454, GDX, 2331, 10, 233.133056, 5.000000, 0.000404, 0.000064, 
trial0000735, AA, 2270, 10, 227.098648, 7.400000, 0.000009, 0.000220, GDX, 3347, 10, 334.701352, 7.000000, 0.000415, 0.000062, 
trial0000736, AA, 3511, 10, 351.149721, 8.600000, 0.000010, 0.000713, GDX, 1942, 10, 194.250279, 4.600000, 0.000398, 0.000030, 
trial0000737, AA, 3104, 10, 310.425625, 9.300000, 0.000010, 0.000304, GDX, 2712, 10, 271.274375, 5.900000, 0.000440, 0.000049, 
trial0000738, AA, 3950, 10, 395.005817, 10.500000, 0.000010, 0.000615, GDX, 2443, 10, 244.394183, 5.900000, 0.000364, 0.000066, 
trial0000739, AA, 3830, 10, 383.002092, 10.500000, 0.000010, 0.000723, GDX, 2769, 10, 276.997908, 6.100000, 0.000319, 0.000081, 
trial0000740, AA, 2040, 10, 204.085874, 9.300000, 0.000010, 0.001874, GDX, 3415, 10, 341.514126, 6.500000, 0.000392, 0.000057, 
trial0000741, AA, 2147, 10, 214.746870, 6.000000, 0.000010, 0.000761, GDX, 3489, 10, 348.953130, 8.200000, 0.000352, 0.000060, 
trial0000742, AA, 3104, 10, 310.404671, 8.600000, 0.000010, 0.000721, GDX, 1931, 10, 193.195329, 5.400000, 0.000476, 0.000028, 
trial0000743, AA, 1439, 10, 143.984908, 7.000000, 0.000010, 0.000280, GDX, 4589, 10, 458.915092, 9.000000, 0.000442, 0.000079, 
trial0000744, AA, 2847, 10, 284.787820, 6.900000, 0.000010, 0.001184, GDX, 3208, 10, 320.812180, 8.500000, 0.000467, 0.000041, 
trial0000745, AA, 2423, 10, 242.310936, 9.700000, 0.000010, 0.001635, GDX, 3258, 10, 325.889064, 5.700000, 0.000411, 0.000055, 
trial0000746, AA, 5241, 10, 524.113089, 13.000000, 0.000010, 0.000472, GDX, 1019, 10, 101.986911, 3.200000, 0.000516, 0.000028, 
trial0000747, AA, 3519, 10, 351.972362, 10.800000, 0.000010, 0.000388, GDX, 2139, 10, 213.927638, 4.800000, 0.000446, 0.000061, 
trial0000748, AA, 3167, 10, 316.797255, 6.800000, 0.000011, 0.002183, GDX, 2895, 10, 289.502745, 8.000000, 0.000343, 0.000049, 
trial0000749, AA, 822, 10, 82.207259, 5.100000, 0.000009, 0.001220, GDX, 4510, 10, 451.092741, 9.300000, 0.000392, 0.000049, 
trial0000750, AA, 4199, 10, 419.970894, 11.000000, 0.000010, 0.000371, GDX, 1883, 10, 188.329106, 5.000000, 0.000385, 0.000055, 
trial0000751, AA, 4590, 10, 459.017264, 12.100000, 0.000010, 0.000508, GDX, 1805, 10, 180.582736, 4.100000, 0.000458, 0.000031, 
trial0000752, AA, 4197, 10, 419.709432, 9.000000, 0.000011, 0.000833, GDX, 1435, 10, 143.590568, 4.800000, 0.000425, 0.000025, 
trial0000753, AA, 4468, 10, 446.811200, 12.500000, 0.000010, 0.001122, GDX, 1705, 10, 170.588800, 4.100000, 0.000438, 0.000040, 
trial0000754, AA, 1939, 10, 193.962127, 7.200000, 0.000010, 0.001213, GDX, 3349, 10, 334.937873, 7.200000, 0.000385, 0.000066, 
trial0000755, AA, 963, 10, 96.366555, 5.100000, 0.000010, 0.001414, GDX, 5059, 10, 505.933445, 10.300000, 0.000461, 0.000072, 
trial0000756, AA, 2914, 10, 291.412309, 11.200000, 0.000010, 0.000361, GDX, 2701, 10, 270.187691, 5.400000, 0.000412, 0.000061, 
trial0000757, AA, 4041, 10, 404.130834, 12.800000, 0.000009, 0.000126, GDX, 1938, 10, 193.869166, 4.000000, 0.000407, 0.000072, 
trial0000758, AA, 2299, 10, 229.966182, 10.900000, 0.000010, 0.001352, GDX, 2743, 10, 274.333818, 4.900000, 0.000446, 0.000057, 
trial0000759, AA, 5081, 10, 508.185079, 11.800000, 0.000010, 0.000609, GDX, 1067, 10, 106.714921, 3.400000, 0.000454, 0.000024, 
trial0000760, AA, 2660, 10, 266.086878, 5.700000, 0.000010, 0.000946, GDX, 3776, 10, 377.613122, 10.100000, 0.000421, 0.000049, 
trial0000761, AA, 2097, 10, 209.775777, 6.600000, 0.000010, 0.002432, GDX, 4133, 10, 413.324223, 8.800000, 0.000341, 0.000072, 
trial0000762, AA, 3510, 10, 351.043966, 11.000000, 0.000010, 0.001066, GDX, 2487, 10, 248.756034, 5.000000, 0.000395, 0.000064, 
trial0000763, AA, 2235, 10, 223.585780, 9.800000, 0.000010, 0.000861, GDX, 2644, 10, 264.414220, 4.200000, 0.000505, 0.000025, 
trial0000764, AA, 2596, 10, 259.690658, 6.500000, 0.000010, 0.001450, GDX, 2936, 10, 293.609342, 7.900000, 0.000378, 0.000041, 
trial0000765, AA, 2669, 10, 266.973693, 10.500000, 0.000010, 0.000704, GDX, 2783, 10, 278.326307, 5.100000, 0.000449, 0.000063, 
trial0000766, AA, 3322, 10, 332.222767, 8.700000, 0.000010, 0.000681, GDX, 2491, 10, 249.177233, 6.300000, 0.000394, 0.000072, 
trial0000767, AA, 3537, 10, 353.797723, 10.900000, 0.000010, 0.001075, GDX, 2725, 10, 272.502277, 6.300000, 0.000322, 0.000079, 
trial0000768, AA, 3146, 10, 314.633748, 10.800000, 0.000011, 0.000390, GDX, 2329, 10, 232.966252, 4.800000, 0.000430, 0.000069, 
trial0000769, AA, 5027, 10, 502.767220, 10.100000, 0.000010, 0.001147, GDX, 1106, 10, 110.632780, 3.900000, 0.000359, 0.000025, 
trial0000770, AA, 2112, 10, 211.294290, 6.700000, 0.000010, 0.001084, GDX, 3417, 10, 341.705710, 7.300000, 0.000424, 0.000062, 
trial0000771, AA, 3634, 10, 363.445019, 10.600000, 0.000010, 0.000606, GDX, 2401, 10, 240.154981, 5.600000, 0.000355, 0.000074, 
trial0000772, AA, 3048, 10, 304.805007, 6.700000, 0.000010, 0.000597, GDX, 2988, 10, 298.894993, 8.100000, 0.000382, 0.000056, 
trial0000773, AA, 3876, 10, 387.687986, 10.500000, 0.000010, 0.000346, GDX, 2329, 10, 232.912014, 5.100000, 0.000380, 0.000067, 
trial0000774, AA, 2071, 10, 207.192999, 6.800000, 0.000019, 0.000721, GDX, 2662, 10, 266.207001, 6.600000, 0.000584, 0.000077, 
trial0000775, AA, 4612, 10, 461.204470, 13.200000, 0.000031, 0.001070, GDX, 1463, 10, 146.395530, 3.200000, 0.000633, 0.000033, 
trial0000776, AA, 2082, 10, 208.290477, 9.400000, 0.000010, 0.000612, GDX, 3342, 10, 334.209523, 6.800000, 0.000358, 0.000076, 
trial0000777, AA, 3287, 10, 328.748298, 13.400000, 0.000010, 0.000744, GDX, 2865, 10, 286.551702, 5.000000, 0.000387, 0.000075, 
trial0000778, AA, 5403, 10, 540.378013, 13.100000, 0.000011, 0.002491, GDX, 1236, 10, 123.621987, 4.100000, 0.000416, 0.000028, 
trial0000779, AA, 4398, 10, 439.815341, 9.000000, 0.000011, 0.001667, GDX, 1908, 10, 190.884659, 5.000000, 0.000343, 0.000057, 
trial0000780, AA, 3505, 10, 350.591276, 9.300000, 0.000010, 0.000817, GDX, 2964, 10, 296.408724, 6.300000, 0.000349, 0.000065, 
trial0000781, AA, 3124, 10, 312.423432, 7.400000, 0.000010, 0.000887, GDX, 2832, 10, 283.276568, 7.800000, 0.000396, 0.000047, 
trial0000782, AA, 1941, 10, 194.190843, 6.800000, 0.000010, 0.000630, GDX, 3661, 10, 366.109157, 8.200000, 0.000343, 0.000060, 
trial0000783, AA, 2099, 10, 209.946476, 9.700000, 0.000010, 0.000512, GDX, 2828, 10, 282.853524, 5.100000, 0.000480, 0.000065, 
trial0000784, AA, 2540, 10, 254.036066, 8.100000, 0.000010, 0.000762, GDX, 2583, 10, 258.363934, 5.500000, 0.000436, 0.000059, 
trial0000785, AA, 2913, 10, 291.348045, 11.100000, 0.000010, 0.001372, GDX, 3324, 10, 332.451955, 5.500000, 0.000489, 0.000072, 
trial0000786, AA, 3879, 10, 387.973263, 8.500000, 0.000010, 0.001843, GDX, 2119, 10, 211.926737, 5.700000, 0.000464, 0.000026, 
trial0000787, AA, 3415, 10, 341.518623, 8.200000, 0.000010, 0.000706, GDX, 2680, 10, 268.081377, 7.200000, 0.000426, 0.000037, 
trial0000788, AA, 5034, 10, 503.457090, 11.400000, 0.000009, 0.000505, GDX, 1158, 10, 115.842910, 4.200000, 0.000416, 0.000023, 
trial0000789, AA, 2358, 10, 235.815506, 5.900000, 0.000010, 0.001119, GDX, 3416, 10, 341.684494, 8.700000, 0.000324, 0.000073, 
trial0000790, AA, 2792, 10, 279.233925, 9.400000, 0.000010, 0.000937, GDX, 2357, 10, 235.766075, 5.400000, 0.000423, 0.000036, 
trial0000791, AA, 3119, 10, 311.930966, 8.200000, 0.000010, 0.001287, GDX, 3064, 10, 306.469034, 6.800000, 0.000363, 0.000064, 
trial0000792, AA, 3241, 10, 324.127251, 8.900000, 0.000010, 0.001709, GDX, 2479, 10, 247.972749, 5.900000, 0.000383, 0.000059, 
trial0000793, AA, 3098, 10, 309.855029, 10.300000, 0.000011, 0.001263, GDX, 3497, 10, 349.744971, 6.500000, 0.000302, 0.000104, 
trial0000794, AA, 3628, 10, 362.898912, 10.600000, 0.000010, 0.000970, GDX, 2448, 10, 244.801088, 5.600000, 0.000397, 0.000063, 
trial0000795, AA, 1531, 10, 153.100458, 8.000000, 0.000011, 0.001227, GDX, 3377, 10, 337.799542, 6.200000, 0.000456, 0.000051, 
trial0000796, AA, 3511, 10, 351.162363, 9.400000, 0.000011, 0.000890, GDX, 2209, 10, 220.937637, 5.400000, 0.000370, 0.000051, 
trial0000797, AA, 3696, 10, 369.634493, 11.600000, 0.000010, 0.000306, GDX, 2221, 10, 222.165507, 4.800000, 0.000450, 0.000058, 
trial0000798, AA, 3468, 10, 346.802137, 9.000000, 0.000010, 0.000322, GDX, 2855, 10, 285.597863, 6.800000, 0.000552, 0.000045, 
trial0000799, AA, 3049, 10, 304.910601, 6.600000, 0.000010, 0.001257, GDX, 2702, 10, 270.289399, 7.000000, 0.000398, 0.000061, 
trial0000800, AA, 4373, 10, 437.332902, 11.400000, 0.000010, 0.000352, GDX, 1982, 10, 198.267098, 5.200000, 0.000421, 0.000048, 
trial0000801, AA, 186, 10, 18.622558, 4.700000, 0.000010, 0.000749, GDX, 31, 10, 3.177442, 0.500000, 0.000362, 0.000026, 
trial0000802, AA, 138, 10, 13.864076, 2.700000, 0.000010, 0.001523, GDX, 134, 10, 13.435924, 2.500000, 0.000358, 0.000038, 
trial0000803, AA, 46, 10, 4.672947, 1.500000, 0.000010, 0.002327, GDX, 71, 10, 7.127053, 1.900000, 0.000309, 0.000022, 
trial0000804, AA, 139, 10, 13.975708, 3.200000, 0.000010, 0.000972, GDX, 134, 10, 13.424292, 3.200000, 0.000364, 0.000045, 
trial0000805, AA, 67, 10, 6.732484, 1.300000, 0.000010, 0.002095, GDX, 79, 10, 7.967516, 2.300000, 0.000329, 0.000024, 
trial0000806, AA, 255, 10, 25.564090, 4.600000, 0.000010, 0.001669, GDX, 10, 10, 1.035910, 1.000000, 0.000367, 0.000024, 
trial0000807, AA, 135, 10, 13.530178, 2.800000, 0.000010, 0.001005, GDX, 86, 10, 8.669822, 1.600000, 0.000331, 0.000025, 
trial0000808, AA, 251, 10, 25.158525, 5.000000, 0.000010, 0.000567, GDX, 23, 10, 2.341475, 0.600000, 0.000404, 0.000024, 
trial0000809, AA, 25, 10, 2.511783, 1.300000, 0.000009, 0.000509, GDX, 176, 10, 17.688217, 3.300000, 0.000320, 0.000039, 
trial0000810, AA, 117, 10, 11.798888, 3.200000, 0.000008, 0.000448, GDX, 55, 10, 5.501112, 0.800000, 0.000355, 0.000022, 
trial0000811, AA, 35, 10, 3.512557, 1.300000, 0.000010, 0.001588, GDX, 177, 10, 17.787443, 3.700000, 0.000331, 0.000043, 
trial0000812, AA, 179, 10, 17.913333, 3.700000, 0.000009, 0.001448, GDX, 25, 10, 2.586667, 0.700000, 0.000373, 0.000023, 
trial0000813, AA, 34, 10, 3.494589, 1.500000, 0.000010, 0.002188, GDX, 178, 10, 17.805411, 3.700000, 0.000313, 0.000035, 
trial0000814, AA, 112, 10, 11.238833, 3.200000, 0.000010, 0.001993, GDX, 44, 10, 4.461167, 0.800000, 0.000353, 0.000023, 
trial0000815, AA, 69, 10, 6.918855, 3.300000, 0.000009, 0.001343, GDX, 76, 10, 7.681145, 1.500000, 0.000357, 0.000028, 
trial0000816, AA, 289, 10, 28.944307, 7.400000, 0.000011, 0.001813, GDX, 8, 10, 0.855693, 0.200000, 0.000390, 0.000025, 
trial0000817, AA, 178, 10, 17.833333, 3.900000, 0.000010, 0.002476, GDX, 16, 10, 1.666667, 0.700000, 0.000338, 0.000022, 
trial0000818, AA, 145, 10, 14.529522, 4.700000, 0.000010, 0.000689, GDX, 58, 10, 5.870478, 1.100000, 0.000344, 0.000023, 
trial0000819, AA, 250, 10, 25.011111, 4.500000, 0.000008, 0.001177, GDX, 15, 10, 1.588889, 1.300000, 0.000352, 0.000022, 
trial0000820, AA, 220, 10, 22.042254, 3.700000, 0.000010, 0.000788, GDX, 42, 10, 4.257746, 1.300000, 0.000357, 0.000026, 
trial0000821, AA, 25, 10, 2.563938, 1.100000, 0.000010, 0.000500, GDX, 186, 10, 18.636062, 3.500000, 0.000333, 0.000037, 
trial0000822, AA, 156, 10, 15.610151, 4.900000, 0.000010, 0.001193, GDX, 74, 10, 7.489849, 1.300000, 0.000365, 0.000022, 
trial0000823, AA, 248, 10, 24.829182, 5.300000, 0.000010, 0.000869, GDX, 13, 10, 1.370818, 0.300000, 0.000370, 0.000023, 
trial0000824, AA, 70, 10, 7.061588, 3.700000, 0.000009, 0.000503, GDX, 70, 10, 7.038412, 1.500000, 0.000366, 0.000025, 
trial0000825, AA, 61, 10, 6.149783, 1.600000, 0.000010, 0.001813, GDX, 62, 10, 6.250217, 2.000000, 0.000320, 0.000027, 
trial0000826, AA, 131, 10, 13.156573, 3.400000, 0.000010, 0.000844, GDX, 79, 10, 7.943427, 1.400000, 0.000367, 0.000039, 
trial0000827, AA, 272, 10, 27.270972, 7.100000, 0.000009, 0.000140, GDX, 2, 10, 0.229028, 0.100000, 0.000402, 0.000024, 
trial0000828, AA, 104, 10, 10.463826, 2.000000, 0.000010, 0.001079, GDX, 114, 10, 11.436174, 2.600000, 0.000328, 0.000028, 
trial0000829, AA, 67, 10, 6.784088, 3.000000, 0.000010, 0.001523, GDX, 100, 10, 10.015912, 1.800000, 0.000357, 0.000023, 
trial0000830, AA, 161, 10, 16.179276, 4.900000, 0.000010, 0.001462, GDX, 69, 10, 6.920724, 1.300000, 0.000398, 0.000029, 
trial0000831, AA, 132, 10, 13.288992, 3.000000, 0.000009, 0.002814, GDX, 95, 10, 9.511008, 1.600000, 0.000319, 0.000027, 
trial0000832, AA, 284, 10, 28.419635, 7.300000, 0.000010, 0.001329, GDX, 10, 10, 1.080365, 0.300000, 0.000396, 0.000024, 
trial0000833, AA, 249, 10, 24.923320, 4.200000, 0.000010, 0.000960, GDX, 24, 10, 2.476680, 0.400000, 0.000421, 0.000023, 
trial0000834, AA, 184, 10, 18.463588, 5.200000, 0.000008, 0.000319, GDX, 21, 10, 2.136412, 0.400000, 0.000395, 0.000023, 
trial0000835, AA, 250, 10, 25.073480, 4.200000, 0.000010, 0.002672, GDX, 17, 10, 1.726520, 0.400000, 0.000368, 0.000021, 
trial0000836, AA, 146, 10, 14.617105, 3.000000, 0.000010, 0.000672, GDX, 69, 10, 6.982895, 1.400000, 0.000371, 0.000032, 
trial0000837, AA, 175, 10, 17.525000, 4.000000, 0.000010, 0.001946, GDX, 21, 10, 2.175000, 1.000000, 0.000364, 0.000022, 
trial0000838, AA, 161, 10, 16.170617, 3.200000, 0.000011, 0.002020, GDX, 68, 10, 6.829383, 1.600000, 0.000347, 0.000021, 
trial0000839, AA, 258, 10, 25.813337, 4.700000, 0.000010, 0.001534, GDX, 10, 10, 1.086663, 0.300000, 0.000459, 0.000027, 
trial0000840, AA, 248, 10, 24.800919, 4.700000, 0.000010, 0.001516, GDX, 22, 10, 2.299081, 1.100000, 0.000633, 0.000044, 
trial0000841, AA, 245, 10, 24.500467, 4.500000, 0.000018, 0.004221, GDX, 13, 10, 1.399533, 0.300000, 0.002728, 0.000151, 
trial0000842, AA, 60, 10, 6.035282, 3.100000, 0.000110, 0.027980, GDX, 93, 10, 9.364718, 1.700000, 0.003657, 0.000204, 
trial0000843, AA, 140, 10, 14.017665, 3.300000, 0.000664, 0.004639, GDX, 48, 10, 4.882335, 1.300000, 0.003955, 0.000296, 
trial0000844, AA, 141, 10, 14.125577, 4.700000, 0.000126, 0.009506, GDX, 65, 10, 6.574423, 1.100000, 0.004008, 0.000278, 
trial0000845, AA, 193, 10, 19.369362, 5.400000, 0.000022, 0.016751, GDX, 24, 10, 2.430638, 0.600000, 0.004010, 0.000225, 
trial0000846, AA, 7, 10, 0.700000, 0.100000, 0.000025, 0.004585, GDX, 200, 10, 20.000000, 4.100000, 0.002108, 0.000302, 
trial0000847, AA, 144, 10, 14.454812, 3.000000, 0.000010, 0.000692, GDX, 73, 10, 7.345188, 1.400000, 0.000373, 0.000030, 
trial0000848, AA, 37, 10, 3.766218, 1.600000, 0.000010, 0.002268, GDX, 112, 10, 11.233782, 2.400000, 0.000333, 0.000025, 
trial0000849, AA, 246, 10, 24.652258, 6.000000, 0.000010, 0.000936, GDX, 13, 10, 1.347742, 0.200000, 0.000409, 0.000025, 
trial0000850, AA, 251, 10, 25.107490, 4.300000, 0.000010, 0.000780, GDX, 24, 10, 2.492510, 0.500000, 0.000485, 0.000029, 
trial0000851, AA, 1, 10, 0.197437, 0.100000, 0.000010, 0.001445, GDX, 191, 10, 19.102563, 3.900000, 0.000447, 0.000032, 
trial0000852, AA, 126, 10, 12.620990, 3.800000, 0.000011, 0.008497, GDX, 73, 10, 7.379010, 1.400000, 0.001476, 0.000067, 
trial0000853, AA, 69, 10, 6.993600, 1.600000, 0.000040, 0.006724, GDX, 123, 10, 12.306400, 2.600000, 0.003814, 0.000249, 
trial0000854, AA, 295, 10, 29.558506, 7.500000, 0.000054, 0.006465, GDX, 5, 10, 0.541494, 0.100000, 0.004205, 0.000220, 
trial0000855, AA, 122, 10, 12.232901, 3.000000, 0.000027, 0.013714, GDX, 74, 10, 7.467099, 1.600000, 0.003704, 0.000277, 
trial0000856, AA, 71, 10, 7.157086, 2.500000, 0.000023, 0.011182, GDX, 104, 10, 10.442914, 1.900000, 0.003854, 0.000245, 
trial0000857, AA, 101, 10, 10.166626, 1.500000, 0.000051, 0.009830, GDX, 101, 10, 10.133374, 2.500000, 0.003863, 0.000218, 
trial0000858, AA, 243, 10, 24.354322, 4.400000, 0.000062, 0.010783, GDX, 22, 10, 2.245678, 0.400000, 0.004453, 0.000318, 
trial0000859, AA, 233, 10, 23.300000, 4.600000, 0.000041, 0.004356, GDX, 6, 10, 0.600000, 1.000000, 0.004234, 0.000305, 
trial0000860, AA, 56, 10, 5.613440, 2.700000, 0.000058, 0.008433, GDX, 109, 10, 10.986560, 2.100000, 0.003866, 0.000231, 
trial0000861, AA, 153, 10, 15.351740, 2.700000, 0.000094, 0.014140, GDX, 58, 10, 5.848260, 1.500000, 0.003843, 0.000415, 
trial0000862, AA, 81, 10, 8.197124, 1.500000, 0.000049, 0.009581, GDX, 114, 10, 11.402876, 2.300000, 0.004070, 0.000214, 
trial0000863, AA, 253, 10, 25.389768, 5.200000, 0.000376, 0.008404, GDX, 10, 10, 1.010232, 0.200000, 0.003994, 0.000225, 
trial0000864, AA, 94, 10, 9.408182, 1.600000, 0.000050, 0.013007, GDX, 122, 10, 12.291818, 2.400000, 0.003388, 0.000234, 
trial0000865, AA, 134, 10, 13.412206, 4.800000, 0.000062, 0.008115, GDX, 89, 10, 8.987794, 1.400000, 0.003544, 0.000271, 
trial0000866, AA, 236, 10, 23.653498, 4.000000, 0.000092, 0.012308, GDX, 19, 10, 1.946502, 0.800000, 0.004049, 0.000209, 
trial0000867, AA, 5, 10, 0.568413, 0.300000, 0.000093, 0.007418, GDX, 111, 10, 11.131587, 2.100000, 0.003933, 0.000213, 
trial0000868, AA, 72, 10, 7.231626, 2.700000, 0.000011, 0.010484, GDX, 100, 10, 10.068374, 2.100000, 0.003591, 0.000353, 
trial0000869, AA, 88, 10, 8.870548, 2.200000, 0.000022, 0.009200, GDX, 135, 10, 13.529452, 3.000000, 0.003903, 0.000277, 
trial0000870, AA, 241, 10, 24.170233, 4.200000, 0.000028, 0.011058, GDX, 6, 10, 0.629767, 0.800000, 0.003856, 0.000288, 
trial0000871, AA, 66, 10, 6.614914, 3.500000, 0.000037, 0.017949, GDX, 73, 10, 7.385086, 1.700000, 0.003588, 0.000311, 
trial0000872, AA, 63, 10, 6.336598, 3.500000, 0.000360, 0.008921, GDX, 81, 10, 8.163402, 1.500000, 0.003852, 0.000242, 
trial0000873, AA, 76, 10, 7.600000, 3.600000, 0.000036, 0.045106, GDX, 54, 10, 5.400000, 1.400000, 0.003606, 0.000223, 
trial0000874, AA, 151, 10, 15.156554, 3.200000, 0.000012, 0.009765, GDX, 131, 10, 13.143446, 3.200000, 0.003330, 0.000382, 
trial0000875, AA, 147, 10, 14.701177, 2.800000, 0.000038, 0.018302, GDX, 60, 10, 6.098823, 1.400000, 0.003717, 0.000182, 
trial0000876, AA, 295, 10, 29.563227, 7.500000, 0.000128, 0.010045, GDX, 5, 10, 0.536773, 0.100000, 0.004246, 0.000210, 
trial0000877, AA, 125, 10, 12.594239, 3.000000, 0.000063, 0.010329, GDX, 101, 10, 10.105761, 1.800000, 0.003756, 0.000337, 
trial0000878, AA, 166, 10, 16.634671, 4.200000, 0.000267, 0.010959, GDX, 42, 10, 4.265329, 0.600000, 0.004030, 0.000287, 
trial0000879, AA, 70, 10, 7.021669, 2.700000, 0.000045, 0.007473, GDX, 100, 10, 10.078331, 1.900000, 0.003852, 0.000271, 
trial0000880, AA, 0, 10, 0.000000, 0.000000, 0.000167, 0.015256, GDX, 208, 10, 20.800000, 4.600000, 0.003082, 0.000285, 
trial0000881, AA, 112, 10, 11.213636, 2.100000, 0.000028, 0.008649, GDX, 127, 10, 12.786364, 2.700000, 0.003718, 0.000316, 
trial0000882, AA, 260, 10, 26.060082, 4.500000, 0.000026, 0.034578, GDX, 6, 10, 0.639918, 0.900000, 0.003527, 0.000224, 
trial0000883, AA, 122, 10, 12.200000, 3.400000, 0.000013, 0.009582, GDX, 31, 10, 3.100000, 0.800000, 0.004081, 0.000279, 
trial0000884, AA, 61, 10, 6.153655, 3.400000, 0.000265, 0.011896, GDX, 99, 10, 9.946345, 2.000000, 0.003749, 0.000231, 
trial0000885, AA, 71, 10, 7.168395, 2.700000, 0.000108, 0.017278, GDX, 110, 10, 11.031605, 2.100000, 0.003988, 0.000348, 
trial0000886, AA, 158, 10, 15.839562, 3.400000, 0.000011, 0.006040, GDX, 46, 10, 4.660438, 1.000000, 0.000709, 0.000043, 
trial0000887, AA, 189, 10, 18.950091, 5.100000, 0.000010, 0.001611, GDX, 26, 10, 2.649909, 0.500000, 0.000371, 0.000023, 
trial0000888, AA, 177, 10, 17.707407, 4.000000, 0.000010, 0.001740, GDX, 27, 10, 2.792593, 1.000000, 0.000521, 0.000026, 
trial0000889, AA, 30, 10, 3.036013, 1.400000, 0.000011, 0.004674, GDX, 193, 10, 19.363987, 3.800000, 0.000638, 0.000057, 
trial0000890, AA, 260, 10, 26.037037, 4.500000, 0.000012, 0.004986, GDX, 6, 10, 0.662963, 0.900000, 0.002993, 0.000204, 
trial0000891, AA, 0, 10, 0.000000, 0.000000, 0.000089, 0.038502, GDX, 0, 10, 0.000000, 0.000000, 0.002687, 0.000306, 
trial0000892, AA, 266, 10, 26.676360, 4.600000, 0.000077, 0.009771, GDX, 6, 10, 0.623640, 1.000000, 0.004184, 0.000214, 
trial0000893, AA, 182, 10, 18.296296, 3.600000, 0.000014, 0.029496, GDX, 20, 10, 2.003704, 0.600000, 0.003892, 0.000208, 
trial0000894, AA, 51, 10, 5.181844, 1.100000, 0.000049, 0.019800, GDX, 117, 10, 11.718156, 2.500000, 0.003452, 0.000284, 
trial0000895, AA, 144, 10, 14.498956, 4.700000, 0.000201, 0.005816, GDX, 66, 10, 6.601044, 1.100000, 0.003998, 0.000264, 
trial0000896, AA, 98, 10, 9.829780, 1.600000, 0.000086, 0.023163, GDX, 108, 10, 10.870220, 2.400000, 0.003693, 0.000262, 
trial0000897, AA, 146, 10, 14.656819, 4.700000, 0.000194, 0.007377, GDX, 74, 10, 7.443181, 1.500000, 0.004120, 0.000271, 
trial0000898, AA, 132, 10, 13.266950, 4.700000, 0.000023, 0.015045, GDX, 78, 10, 7.833050, 1.300000, 0.003614, 0.000273, 
trial0000899, AA, 178, 10, 17.888889, 4.600000, 0.000021, 0.020850, GDX, 35, 10, 3.511111, 0.600000, 0.004112, 0.000253, 
trial0000900, AA, 130, 10, 13.038608, 2.900000, 0.000050, 0.025070, GDX, 101, 10, 10.161392, 1.700000, 0.004230, 0.000230, 
trial0000901, AA, 1968, 10, 196.874915, 9.400000, 0.000210, 0.002839, GDX, 936, 10, 93.625085, 4.000000, 0.005078, 0.000350, 
trial0000902, AA, 995, 10, 99.505114, 6.600000, 0.000236, 0.008283, GDX, 1510, 10, 151.094886, 6.200000, 0.004820, 0.000314, 
trial0000903, AA, 382, 10, 38.221903, 3.600000, 0.000078, 0.004984, GDX, 2022, 10, 202.278097, 8.600000, 0.004632, 0.000386, 
trial0000904, AA, 1591, 10, 159.126764, 12.100000, 0.000013, 0.007041, GDX, 1059, 10, 105.973236, 3.700000, 0.005568, 0.000222, 
trial0000905, AA, 2344, 10, 234.453665, 10.400000, 0.000027, 0.008650, GDX, 875, 10, 87.546335, 5.200000, 0.004988, 0.000401, 
trial0000906, AA, 1054, 10, 105.491077, 6.000000, 0.000167, 0.006833, GDX, 1487, 10, 148.708923, 6.200000, 0.004912, 0.000404, 
trial0000907, AA, 1913, 10, 191.382129, 9.500000, 0.000084, 0.010100, GDX, 737, 10, 73.717871, 3.900000, 0.005399, 0.000246, 
trial0000908, AA, 1377, 10, 137.783265, 8.100000, 0.000139, 0.006226, GDX, 1247, 10, 124.716735, 5.500000, 0.005063, 0.000307, 
trial0000909, AA, 1956, 10, 195.622742, 8.400000, 0.000125, 0.005980, GDX, 858, 10, 85.877258, 4.000000, 0.005186, 0.000301, 
trial0000910, AA, 2385, 10, 238.500568, 10.900000, 0.000049, 0.005375, GDX, 640, 10, 64.099432, 3.900000, 0.005093, 0.000241, 
trial0000911, AA, 1778, 10, 177.881425, 8.600000, 0.000211, 0.013380, GDX, 976, 10, 97.618575, 3.800000, 0.005583, 0.000276, 
trial0000912, AA, 1855, 10, 185.515329, 7.700000, 0.000012, 0.006011, GDX, 1151, 10, 115.184671, 5.700000, 0.004648, 0.000545, 
trial0000913, AA, 1143, 10, 114.387808, 7.700000, 0.000229, 0.013497, GDX, 1316, 10, 131.612192, 5.500000, 0.005512, 0.000237, 
trial0000914, AA, 1525, 10, 152.590547, 8.400000, 0.000148, 0.017902, GDX, 1133, 10, 113.309453, 4.800000, 0.005045, 0.000310, 
trial0000915, AA, 2157, 10, 215.710385, 12.200000, 0.000071, 0.009345, GDX, 911, 10, 91.189615, 3.400000, 0.004890, 0.000405, 
trial0000916, AA, 1901, 10, 190.114244, 10.700000, 0.001359, 0.008121, GDX, 697, 10, 69.785756, 3.100000, 0.005769, 0.000231, 
trial0000917, AA, 2175, 10, 217.533570, 11.200000, 0.000097, 0.002497, GDX, 821, 10, 82.166430, 4.000000, 0.005377, 0.000202, 
trial0000918, AA, 1656, 10, 165.645676, 9.700000, 0.000073, 0.011108, GDX, 931, 10, 93.154324, 4.700000, 0.005366, 0.000306, 
trial0000919, AA, 1979, 10, 197.965038, 9.100000, 0.000053, 0.010861, GDX, 909, 10, 90.934962, 4.700000, 0.005048, 0.000348, 
trial0000920, AA, 1627, 10, 162.796413, 8.300000, 0.000229, 0.006232, GDX, 1065, 10, 106.503587, 5.900000, 0.004678, 0.000321, 
trial0000921, AA, 1168, 10, 116.896819, 6.500000, 0.000091, 0.013658, GDX, 1602, 10, 160.203181, 6.300000, 0.005127, 0.000373, 
trial0000922, AA, 1524, 10, 152.463873, 7.200000, 0.000075, 0.010648, GDX, 1502, 10, 150.236127, 7.200000, 0.002995, 0.000282, 
trial0000923, AA, 1073, 10, 107.366180, 6.300000, 0.000010, 0.000427, GDX, 1481, 10, 148.133820, 7.100000, 0.000454, 0.000044, 
trial0000924, AA, 1421, 10, 142.153230, 7.500000, 0.000010, 0.000880, GDX, 1114, 10, 111.446770, 5.300000, 0.000532, 0.000029, 
trial0000925, AA, 634, 10, 63.447210, 7.200000, 0.000011, 0.001187, GDX, 1625, 10, 162.552790, 5.800000, 0.000769, 0.000043, 
trial0000926, AA, 797, 10, 79.787950, 7.500000, 0.000027, 0.002123, GDX, 1443, 10, 144.312050, 5.700000, 0.001647, 0.000062, 
trial0000927, AA, 1678, 10, 167.855908, 6.800000, 0.000013, 0.024508, GDX, 1109, 10, 110.944092, 5.800000, 0.004867, 0.000350, 
trial0000928, AA, 1032, 10, 103.272382, 6.700000, 0.000013, 0.013012, GDX, 1620, 10, 162.027618, 6.500000, 0.005230, 0.000411, 
trial0000929, AA, 1568, 10, 156.885510, 10.500000, 0.000093, 0.018257, GDX, 1156, 10, 115.614490, 4.300000, 0.005407, 0.000180, 
trial0000930, AA, 2481, 10, 248.143180, 7.600000, 0.000085, 0.033127, GDX, 609, 10, 60.956820, 4.200000, 0.004912, 0.000376, 
trial0000931, AA, 1293, 10, 129.318263, 7.800000, 0.000013, 0.005038, GDX, 1230, 10, 123.081737, 5.200000, 0.005603, 0.000322, 
trial0000932, AA, 823, 10, 82.352139, 2.900000, 0.000011, 0.005693, GDX, 1833, 10, 183.347861, 9.300000, 0.004371, 0.000309, 
trial0000933, AA, 1149, 10, 114.970401, 7.900000, 0.000012, 0.007045, GDX, 1362, 10, 136.229599, 5.300000, 0.005578, 0.000290, 
trial0000934, AA, 1061, 10, 106.146069, 6.500000, 0.000055, 0.002458, GDX, 1553, 10, 155.353931, 6.700000, 0.005548, 0.000234, 
trial0000935, AA, 1341, 10, 134.188929, 7.700000, 0.000077, 0.009536, GDX, 1255, 10, 125.511071, 5.100000, 0.004815, 0.000501, 
trial0000936, AA, 1070, 10, 107.019793, 5.200000, 0.001063, 0.018907, GDX, 1590, 10, 159.080207, 7.600000, 0.004367, 0.000563, 
trial0000937, AA, 1848, 10, 184.821544, 9.400000, 0.000291, 0.003788, GDX, 840, 10, 84.078456, 4.400000, 0.005072, 0.000372, 
trial0000938, AA, 2049, 10, 204.970720, 8.600000, 0.000100, 0.004550, GDX, 913, 10, 91.329280, 5.600000, 0.005409, 0.000403, 
trial0000939, AA, 1700, 10, 170.024054, 7.100000, 0.000013, 0.004746, GDX, 918, 10, 91.875946, 5.300000, 0.004964, 0.000421, 
trial0000940, AA, 1389, 10, 138.928424, 7.800000, 0.000345, 0.007807, GDX, 1153, 10, 115.371576, 5.000000, 0.005214, 0.000341, 
trial0000941, AA, 2170, 10, 217.091340, 9.800000, 0.000309, 0.004712, GDX, 660, 10, 66.008660, 3.600000, 0.005412, 0.000354, 
trial0000942, AA, 680, 10, 68.025042, 4.800000, 0.000012, 0.009301, GDX, 1532, 10, 153.274958, 8.200000, 0.004322, 0.000339, 
trial0000943, AA, 2407, 10, 240.769883, 12.600000, 0.000013, 0.002650, GDX, 707, 10, 70.730117, 3.000000, 0.004666, 0.000243, 
trial0000944, AA, 1380, 10, 138.078183, 7.600000, 0.000212, 0.008803, GDX, 1191, 10, 119.121817, 5.400000, 0.005408, 0.000331, 
trial0000945, AA, 1546, 10, 154.685474, 5.600000, 0.000012, 0.006971, GDX, 1306, 10, 130.614526, 6.800000, 0.004824, 0.000360, 
trial0000946, AA, 1670, 10, 167.036844, 9.000000, 0.000033, 0.005934, GDX, 836, 10, 83.663156, 4.400000, 0.005065, 0.000190, 
trial0000947, AA, 2369, 10, 236.941264, 12.400000, 0.000312, 0.002171, GDX, 625, 10, 62.558736, 3.000000, 0.005241, 0.000300, 
trial0000948, AA, 1987, 10, 198.783284, 8.400000, 0.000162, 0.005182, GDX, 931, 10, 93.116716, 5.000000, 0.005406, 0.000415, 
trial0000949, AA, 1681, 10, 168.199306, 7.600000, 0.000758, 0.010490, GDX, 954, 10, 95.400694, 5.000000, 0.004281, 0.000342, 
trial0000950, AA, 668, 10, 66.806236, 5.000000, 0.000091, 0.007294, GDX, 1799, 10, 179.993764, 7.400000, 0.005074, 0.000373, 
trial0000951, AA, 819, 10, 81.971581, 5.500000, 0.000076, 0.001539, GDX, 2133, 10, 213.328419, 10.500000, 0.006481, 0.000929, 
trial0000952, AA, 2493, 10, 249.317935, 12.400000, 0.001320, 0.006246, GDX, 504, 10, 50.482065, 2.600000, 0.005093, 0.000240, 
trial0000953, AA, 1773, 10, 177.305720, 9.600000, 0.000093, 0.016212, GDX, 774, 10, 77.494280, 3.200000, 0.005283, 0.000332, 
trial0000954, AA, 1877, 10, 187.790146, 9.600000, 0.000077, 0.011106, GDX, 906, 10, 90.609854, 4.400000, 0.005035, 0.000216, 
trial0000955, AA, 1609, 10, 160.996622, 11.200000, 0.000013, 0.007339, GDX, 949, 10, 94.903378, 3.600000, 0.005859, 0.000237, 
trial0000956, AA, 1739, 10, 173.997787, 8.500000, 0.000427, 0.004756, GDX, 909, 10, 90.902213, 4.900000, 0.005378, 0.000423, 
trial0000957, AA, 2307, 10, 230.722424, 12.800000, 0.000014, 0.002705, GDX, 515, 10, 51.577576, 2.000000, 0.006567, 0.000283, 
trial0000958, AA, 2097, 10, 209.769231, 9.100000, 0.000074, 0.008505, GDX, 682, 10, 68.230769, 4.300000, 0.004949, 0.000223, 
trial0000959, AA, 203, 10, 20.361392, 2.900000, 0.000010, 0.000620, GDX, 2269, 10, 226.938608, 10.500000, 0.000580, 0.000040, 
trial0000960, AA, 2031, 10, 203.111863, 9.400000, 0.000010, 0.001425, GDX, 918, 10, 91.888137, 4.000000, 0.000468, 0.000033, 
trial0000961, AA, 1289, 10, 128.958292, 6.000000, 0.000009, 0.002195, GDX, 1258, 10, 125.841708, 6.400000, 0.000665, 0.000032, 
trial0000962, AA, 2079, 10, 207.963481, 9.300000, 0.000014, 0.000594, GDX, 797, 10, 79.736519, 4.500000, 0.000913, 0.000060, 
trial0000963, AA, 2254, 10, 225.425238, 12.100000, 0.000173, 0.012171, GDX, 569, 10, 56.974762, 2.700000, 0.004295, 0.000174, 
trial0000964, AA, 1345, 10, 134.546971, 8.600000, 0.000031, 0.006905, GDX, 1206, 10, 120.653029, 5.200000, 0.005737, 0.000275, 
trial0000965, AA, 2061, 10, 206.149038, 8.600000, 0.000044, 0.012896, GDX, 786, 10, 78.650962, 4.200000, 0.005013, 0.000230, 
trial0000966, AA, 2338, 10, 233.885013, 13.600000, 0.000171, 0.002420, GDX, 554, 10, 55.414987, 2.000000, 0.005487, 0.000293, 
trial0000967, AA, 1818, 10, 181.814855, 9.400000, 0.000014, 0.018027, GDX, 961, 10, 96.185145, 3.000000, 0.005656, 0.000213, 
trial0000968, AA, 1377, 10, 137.758704, 6.700000, 0.000343, 0.014819, GDX, 1240, 10, 124.041296, 5.500000, 0.005231, 0.000410, 
trial0000969, AA, 1509, 10, 150.963882, 8.000000, 0.000042, 0.007117, GDX, 1169, 10, 116.936118, 5.400000, 0.005531, 0.000405, 
trial0000970, AA, 1824, 10, 182.417044, 10.500000, 0.000013, 0.007764, GDX, 905, 10, 90.582956, 3.700000, 0.005007, 0.000324, 
trial0000971, AA, 595, 10, 59.511846, 4.900000, 0.000013, 0.014366, GDX, 1686, 10, 168.688154, 6.900000, 0.005110, 0.000363, 
trial0000972, AA, 1820, 10, 182.033995, 10.000000, 0.000013, 0.001796, GDX, 923, 10, 92.366005, 3.800000, 0.005343, 0.000422, 
trial0000973, AA, 2480, 10, 248.038283, 13.000000, 0.000105, 0.003786, GDX, 562, 10, 56.261717, 3.800000, 0.005234, 0.000346, 
trial0000974, AA, 1028, 10, 102.812731, 7.200000, 0.000014, 0.014310, GDX, 1391, 10, 139.187269, 5.000000, 0.005476, 0.000214, 
trial0000975, AA, 1045, 10, 104.543852, 5.800000, 0.000050, 0.009413, GDX, 1504, 10, 150.456148, 6.600000, 0.004975, 0.000338, 
trial0000976, AA, 2366, 10, 236.649005, 13.000000, 0.000013, 0.005203, GDX, 730, 10, 73.050995, 3.400000, 0.005166, 0.000509, 
trial0000977, AA, 2512, 10, 251.221934, 11.700000, 0.000238, 0.004208, GDX, 513, 10, 51.378066, 3.100000, 0.005427, 0.000241, 
trial0000978, AA, 1540, 10, 154.036080, 9.800000, 0.000041, 0.009148, GDX, 1102, 10, 110.263920, 4.000000, 0.005111, 0.000241, 
trial0000979, AA, 1461, 10, 146.188173, 8.500000, 0.000046, 0.010591, GDX, 1269, 10, 126.911827, 5.900000, 0.004694, 0.000347, 
trial0000980, AA, 1159, 10, 115.920947, 7.300000, 0.000149, 0.007996, GDX, 1581, 10, 158.179053, 6.700000, 0.004810, 0.000637, 
trial0000981, AA, 797, 10, 79.778430, 6.300000, 0.000200, 0.013648, GDX, 1591, 10, 159.121570, 6.700000, 0.005235, 0.000287, 
trial0000982, AA, 811, 10, 81.154109, 7.100000, 0.000109, 0.018078, GDX, 1567, 10, 156.745891, 5.900000, 0.005621, 0.000328, 
trial0000983, AA, 1743, 10, 174.380400, 11.500000, 0.000104, 0.003908, GDX, 1019, 10, 101.919600, 3.300000, 0.005707, 0.000334, 
trial0000984, AA, 2221, 10, 222.165254, 10.500000, 0.000157, 0.003672, GDX, 581, 10, 58.134746, 3.100000, 0.005498, 0.000318, 
trial0000985, AA, 1879, 10, 187.942340, 9.800000, 0.000060, 0.003786, GDX, 1087, 10, 108.757660, 4.800000, 0.005660, 0.000613, 
trial0000986, AA, 2678, 10, 267.856799, 12.900000, 0.000088, 0.006019, GDX, 489, 10, 48.943201, 2.300000, 0.004856, 0.000264, 
trial0000987, AA, 985, 10, 98.547158, 6.100000, 0.000462, 0.011023, GDX, 1398, 10, 139.852842, 5.900000, 0.005311, 0.000261, 
trial0000988, AA, 1638, 10, 163.814559, 8.000000, 0.000012, 0.012199, GDX, 1063, 10, 106.385441, 5.400000, 0.005323, 0.000379, 
trial0000989, AA, 824, 10, 82.491044, 3.900000, 0.000081, 0.008708, GDX, 1649, 10, 164.908956, 6.900000, 0.004705, 0.000402, 
trial0000990, AA, 1245, 10, 124.557407, 7.400000, 0.000048, 0.007157, GDX, 1409, 10, 140.942593, 6.800000, 0.004815, 0.000209, 
trial0000991, AA, 1466, 10, 146.619291, 6.600000, 0.000012, 0.007943, GDX, 1243, 10, 124.380709, 6.200000, 0.005441, 0.000374, 
trial0000992, AA, 1542, 10, 154.222677, 7.700000, 0.000415, 0.013930, GDX, 660, 10, 66.077323, 3.900000, 0.005205, 0.000231, 
trial0000993, AA, 1679, 10, 167.941859, 9.400000, 0.000090, 0.014249, GDX, 982, 10, 98.258141, 5.000000, 0.004935, 0.000373, 
trial0000994, AA, 1270, 10, 127.017380, 7.000000, 0.000056, 0.025895, GDX, 1539, 10, 153.982620, 6.000000, 0.002263, 0.000337, 
trial0000995, AA, 2260, 10, 226.017866, 10.700000, 0.000010, 0.000669, GDX, 723, 10, 72.382134, 3.300000, 0.000484, 0.000027, 
trial0000996, AA, 2058, 10, 205.800101, 9.400000, 0.000012, 0.001124, GDX, 875, 10, 87.599899, 5.000000, 0.000570, 0.000028, 
trial0000997, AA, 2335, 10, 233.514327, 9.600000, 0.000011, 0.001360, GDX, 702, 10, 70.285673, 4.800000, 0.000858, 0.000041, 
trial0000998, AA, 2077, 10, 207.770327, 11.600000, 0.000012, 0.002106, GDX, 548, 10, 54.829673, 2.800000, 0.003780, 0.000218, 
trial0000999, AA, 1889, 10, 188.921131, 7.500000, 0.000136, 0.009980, GDX, 946, 10, 94.678869, 5.300000, 0.005372, 0.000220, 
trial0001000, AA, 2204, 10, 220.457379, 9.700000, 0.000013, 0.025356, GDX, 1083, 10, 108.342621, 6.500000, 0.004644, 0.000462, 
