trial0001001, AA, 672, 24, 28.035139, 5.041667, 0.000008, 0.003593, ZIP, 588, 16, 36.759791, 3.687500, 0.000005, 0.000042, 
trial0001002, AA, 398, 24, 16.604192, 2.833333, 0.000009, 0.003961, ZIP, 574, 16, 35.906211, 4.125000, 0.000005, 0.000041, 
trial0001003, AA, 0, 24, 0.000000, 0.000000, 0.000009, 0.002870, ZIP, 0, 16, 0.000000, 0.000000, 0.000005, 0.000061, 
trial0001004, AA, 1606, 24, 66.940146, 7.750000, 0.000009, 0.004117, ZIP, 118, 16, 7.402280, 2.375000, 0.000005, 0.000040, 
trial0001005, AA, 0, 24, 0.000000, 0.000000, 0.000009, 0.002710, ZIP, 0, 16, 0.000000, 0.000000, 0.000005, 0.000059, 
trial0001006, AA, 1109, 24, 46.240682, 6.666667, 0.000010, 0.003800, ZIP, 421, 16, 26.326476, 2.375000, 0.000009, 0.000044, 
trial0001007, AA, 0, 24, 0.000000, 0.000000, 0.000009, 0.001861, ZIP, 0, 16, 0.000000, 0.000000, 0.000005, 0.000056, 
trial0001008, AA, 1447, 24, 60.321575, 6.958333, 0.000009, 0.005055, ZIP, 261, 16, 16.330137, 3.062500, 0.000005, 0.000045, 
trial0001009, AA, 1289, 24, 53.724663, 6.833333, 0.000009, 0.003283, ZIP, 319, 16, 19.975505, 3.250000, 0.000005, 0.000052, 
trial0001010, AA, 0, 24, 0.000000, 0.000000, 0.000009, 0.003834, ZIP, 0, 16, 0.000000, 0.000000, 0.000005, 0.000051, 
trial0001011, AA, 834, 24, 34.789895, 6.083333, 0.000008, 0.003209, ZIP, 490, 16, 30.627658, 2.875000, 0.000005, 0.000044, 
trial0001012, AA, 940, 24, 39.176003, 6.208333, 0.000009, 0.004113, ZIP, 479, 16, 29.985995, 2.562500, 0.000005, 0.000042, 
trial0001013, AA, 0, 24, 0.000000, 0.000000, 0.000008, 0.002625, ZIP, 0, 16, 0.000000, 0.000000, 0.000005, 0.000055, 
trial0001014, AA, 836, 24, 34.872762, 4.583333, 0.000010, 0.004808, ZIP, 477, 16, 29.815856, 3.625000, 0.000005, 0.000043, 
trial0001015, AA, 1051, 24, 43.818834, 5.458333, 0.000010, 0.004563, ZIP, 453, 16, 28.334250, 3.562500, 0.000005, 0.000042, 
trial0001016, AA, 1199, 24, 49.968748, 6.625000, 0.000009, 0.003238, ZIP, 401, 16, 25.109378, 2.687500, 0.000005, 0.000044, 
trial0001017, AA, 860, 24, 35.835822, 5.750000, 0.000010, 0.005575, ZIP, 567, 16, 35.496266, 3.500000, 0.000005, 0.000047, 
trial0001018, AA, 1088, 24, 45.365377, 6.125000, 0.000010, 0.004714, ZIP, 420, 16, 26.264435, 2.937500, 0.000005, 0.000041, 
trial0001019, AA, 0, 24, 0.000000, 0.000000, 0.000009, 0.003940, ZIP, 0, 16, 0.000000, 0.000000, 0.000005, 0.000060, 
trial0001020, AA, 1316, 24, 54.838604, 7.375000, 0.000010, 0.002180, ZIP, 360, 16, 22.554594, 2.312500, 0.000005, 0.000047, 
trial0001021, AA, 1128, 24, 47.004641, 7.625000, 0.000009, 0.002786, ZIP, 517, 16, 32.368038, 2.437500, 0.000005, 0.000048, 
trial0001022, AA, 1223, 24, 50.970783, 7.083333, 0.000010, 0.004065, ZIP, 391, 16, 24.481326, 2.625000, 0.000005, 0.000049, 
trial0001023, AA, 667, 24, 27.832132, 3.375000, 0.000010, 0.004506, ZIP, 458, 16, 28.626802, 4.062500, 0.000005, 0.000042, 
trial0001024, AA, 713, 24, 29.744419, 4.375000, 0.000009, 0.003091, ZIP, 663, 16, 41.445872, 4.687500, 0.000005, 0.000043, 
trial0001025, AA, 1426, 24, 59.457133, 7.333333, 0.000010, 0.002613, ZIP, 246, 16, 15.376800, 2.250000, 0.000005, 0.000044, 
trial0001026, AA, 0, 24, 0.000000, 0.000000, 0.000009, 0.002489, ZIP, 0, 16, 0.000000, 0.000000, 0.000005, 0.000061, 
trial0001027, AA, 928, 24, 38.694600, 6.166667, 0.000009, 0.003735, ZIP, 480, 16, 30.020601, 3.125000, 0.000005, 0.000044, 
trial0001028, AA, 1102, 24, 45.939354, 6.375000, 0.000011, 0.006017, ZIP, 425, 16, 26.590969, 3.062500, 0.000005, 0.000043, 
trial0001029, AA, 1060, 24, 44.194966, 6.000000, 0.000009, 0.003403, ZIP, 460, 16, 28.770050, 3.125000, 0.000005, 0.000046, 
trial0001030, AA, 0, 24, 0.000000, 0.000000, 0.000009, 0.000966, ZIP, 0, 16, 0.000000, 0.000000, 0.000005, 0.000065, 
trial0001031, AA, 1026, 24, 42.779591, 5.666667, 0.000009, 0.004313, ZIP, 484, 16, 30.268113, 3.500000, 0.000005, 0.000047, 
trial0001032, AA, 1144, 24, 47.696981, 6.208333, 0.000009, 0.003179, ZIP, 405, 16, 25.329528, 3.687500, 0.000005, 0.000045, 
trial0001033, AA, 0, 24, 0.000000, 0.000000, 0.000009, 0.002992, ZIP, 0, 16, 0.000000, 0.000000, 0.000005, 0.000060, 
trial0001034, AA, 1313, 24, 54.719693, 6.083333, 0.000010, 0.005888, ZIP, 224, 16, 14.045461, 2.625000, 0.000005, 0.000041, 
trial0001035, AA, 1297, 24, 54.081242, 6.666667, 0.000008, 0.002621, ZIP, 310, 16, 19.378137, 3.125000, 0.000005, 0.000047, 
trial0001036, AA, 0, 24, 0.000000, 0.000000, 0.000009, 0.002554, ZIP, 0, 16, 0.000000, 0.000000, 0.000005, 0.000056, 
trial0001037, AA, 982, 24, 40.929630, 4.708333, 0.000009, 0.004408, ZIP, 426, 16, 26.668056, 3.562500, 0.000005, 0.000040, 
trial0001038, AA, 0, 24, 0.000000, 0.000000, 0.000009, 0.003550, ZIP, 0, 16, 0.000000, 0.000000, 0.000005, 0.000063, 
trial0001039, AA, 704, 24, 29.373115, 5.291667, 0.000009, 0.002538, ZIP, 673, 16, 42.065328, 4.312500, 0.000005, 0.000048, 
trial0001040, AA, 719, 24, 29.965963, 5.833333, 0.000009, 0.002039, ZIP, 631, 16, 39.488556, 3.500000, 0.000005, 0.000050, 
trial0001041, AA, 1220, 24, 50.855564, 6.333333, 0.000009, 0.003038, ZIP, 339, 16, 21.216654, 2.625000, 0.000005, 0.000043, 
trial0001042, AA, 1188, 24, 49.512791, 5.708333, 0.000010, 0.003128, ZIP, 478, 16, 29.918313, 3.687500, 0.000005, 0.000050, 
trial0001043, AA, 702, 24, 29.252709, 4.958333, 0.000010, 0.003321, ZIP, 571, 16, 35.745936, 3.812500, 0.000005, 0.000046, 
trial0001044, AA, 1115, 24, 46.477679, 6.833333, 0.000009, 0.003259, ZIP, 395, 16, 24.720982, 2.500000, 0.000005, 0.000046, 
trial0001045, AA, 1231, 24, 51.307096, 6.458333, 0.000009, 0.003368, ZIP, 360, 16, 22.539357, 2.812500, 0.000005, 0.000043, 
trial0001046, AA, 1171, 24, 48.828224, 6.208333, 0.000009, 0.003909, ZIP, 466, 16, 29.132663, 3.562500, 0.000005, 0.000047, 
trial0001047, AA, 0, 24, 0.000000, 0.000000, 0.000009, 0.002798, ZIP, 0, 16, 0.000000, 0.000000, 0.000005, 0.000065, 
trial0001048, AA, 1194, 24, 49.763162, 6.375000, 0.000009, 0.003228, ZIP, 368, 16, 23.042757, 2.812500, 0.000005, 0.000044, 
trial0001049, AA, 1282, 24, 53.418624, 5.916667, 0.000009, 0.003284, ZIP, 365, 16, 22.872065, 3.625000, 0.000005, 0.000050, 
trial0001050, AA, 792, 24, 33.012007, 4.916667, 0.000009, 0.004840, ZIP, 333, 16, 20.856990, 2.500000, 0.000005, 0.000043, 
trial0001051, AA, 801, 24, 33.398913, 3.541667, 0.000008, 0.003988, ZIP, 552, 16, 34.526630, 4.437500, 0.000005, 0.000042, 
trial0001052, AA, 952, 24, 39.672787, 5.791667, 0.000010, 0.003606, ZIP, 518, 16, 32.428320, 3.312500, 0.000005, 0.000046, 
trial0001053, AA, 1018, 24, 42.452132, 5.041667, 0.000008, 0.002827, ZIP, 491, 16, 30.696802, 3.562500, 0.000005, 0.000048, 
trial0001054, AA, 1146, 24, 47.761008, 5.541667, 0.000009, 0.002896, ZIP, 410, 16, 25.670988, 3.562500, 0.000005, 0.000042, 
trial0001055, AA, 966, 24, 40.274643, 6.250000, 0.000008, 0.003626, ZIP, 482, 16, 30.150535, 2.875000, 0.000005, 0.000044, 
trial0001056, AA, 0, 24, 0.000000, 0.000000, 0.000008, 0.004817, ZIP, 0, 16, 0.000000, 0.000000, 0.000005, 0.000049, 
trial0001057, AA, 855, 24, 35.647197, 5.291667, 0.000010, 0.003551, ZIP, 448, 16, 28.029205, 2.812500, 0.000005, 0.000042, 
trial0001058, AA, 1683, 24, 70.152209, 8.750000, 0.000010, 0.003173, ZIP, 89, 16, 5.584186, 1.250000, 0.000005, 0.000041, 
trial0001059, AA, 688, 24, 28.702992, 4.708333, 0.000010, 0.004749, ZIP, 639, 16, 39.945511, 3.687500, 0.000005, 0.000046, 
trial0001060, AA, 1353, 24, 56.402240, 6.500000, 0.000008, 0.003588, ZIP, 327, 16, 20.459141, 3.375000, 0.000005, 0.000044, 
trial0001061, AA, 286, 24, 11.934157, 3.083333, 0.000009, 0.003035, ZIP, 657, 16, 41.098765, 4.000000, 0.000005, 0.000041, 
trial0001062, AA, 1139, 24, 47.497902, 5.625000, 0.000009, 0.002909, ZIP, 414, 16, 25.878147, 3.437500, 0.000005, 0.000043, 
trial0001063, AA, 1058, 24, 44.112410, 4.208333, 0.000009, 0.005335, ZIP, 394, 16, 24.643885, 4.187500, 0.000005, 0.000044, 
trial0001064, AA, 1322, 24, 55.117953, 5.958333, 0.000009, 0.003343, ZIP, 334, 16, 20.885571, 2.937500, 0.000005, 0.000044, 
trial0001065, AA, 1226, 24, 51.106323, 6.583333, 0.000010, 0.002588, ZIP, 415, 16, 25.965516, 3.625000, 0.000005, 0.000051, 
trial0001066, AA, 1016, 24, 42.349729, 7.208333, 0.000010, 0.003183, ZIP, 473, 16, 29.600407, 2.187500, 0.000005, 0.000044, 
trial0001067, AA, 1315, 24, 54.803795, 6.208333, 0.000009, 0.003969, ZIP, 284, 16, 17.794307, 3.062500, 0.000005, 0.000045, 
trial0001068, AA, 1496, 24, 62.353130, 7.791667, 0.000009, 0.003803, ZIP, 226, 16, 14.157805, 2.812500, 0.000005, 0.000056, 
trial0001069, AA, 1053, 24, 43.900614, 5.291667, 0.000010, 0.004528, ZIP, 375, 16, 23.461579, 3.437500, 0.000005, 0.000046, 
trial0001070, AA, 806, 24, 33.593283, 5.083333, 0.000009, 0.003486, ZIP, 617, 16, 38.610076, 4.000000, 0.000005, 0.000044, 
trial0001071, AA, 1023, 24, 42.632201, 6.041667, 0.000010, 0.004010, ZIP, 408, 16, 25.551698, 2.937500, 0.000005, 0.000045, 
trial0001072, AA, 1178, 24, 49.093514, 5.083333, 0.000010, 0.004180, ZIP, 382, 16, 23.922229, 4.250000, 0.000005, 0.000041, 
trial0001073, AA, 467, 24, 19.482446, 4.666667, 0.000009, 0.004675, ZIP, 710, 16, 44.401332, 3.625000, 0.000005, 0.000044, 
trial0001074, AA, 1116, 24, 46.510237, 4.666667, 0.000009, 0.002701, ZIP, 383, 16, 23.984645, 3.875000, 0.000005, 0.000042, 
trial0001075, AA, 0, 24, 0.000000, 0.000000, 0.000009, 0.002701, ZIP, 0, 16, 0.000000, 0.000000, 0.000005, 0.000050, 
trial0001076, AA, 0, 24, 0.000000, 0.000000, 0.000009, 0.004252, ZIP, 0, 16, 0.000000, 0.000000, 0.000005, 0.000055, 
trial0001077, AA, 865, 24, 36.047789, 4.708333, 0.000009, 0.002507, ZIP, 429, 16, 26.865816, 3.687500, 0.000005, 0.000044, 
trial0001078, AA, 1135, 24, 47.324131, 6.208333, 0.000009, 0.004744, ZIP, 340, 16, 21.263803, 2.312500, 0.000005, 0.000043, 
trial0001079, AA, 686, 24, 28.623414, 4.041667, 0.000009, 0.004270, ZIP, 420, 16, 26.252379, 3.062500, 0.000005, 0.000042, 
trial0001080, AA, 1070, 24, 44.590738, 6.500000, 0.000009, 0.004232, ZIP, 444, 16, 27.801393, 2.875000, 0.000005, 0.000047, 
trial0001081, AA, 1249, 24, 52.055591, 7.291667, 0.000009, 0.003501, ZIP, 316, 16, 19.791613, 2.062500, 0.000005, 0.000044, 
trial0001082, AA, 0, 24, 0.000000, 0.000000, 0.000009, 0.001680, ZIP, 0, 16, 0.000000, 0.000000, 0.000005, 0.000059, 
trial0001083, AA, 0, 24, 0.000000, 0.000000, 0.000009, 0.002896, ZIP, 0, 16, 0.000000, 0.000000, 0.000005, 0.000055, 
trial0001084, AA, 1772, 24, 73.842593, 9.166667, 0.000010, 0.003299, ZIP, 36, 16, 2.298611, 0.750000, 0.000005, 0.000041, 
trial0001085, AA, 0, 24, 0.000000, 0.000000, 0.000009, 0.002034, ZIP, 0, 16, 0.000000, 0.000000, 0.000005, 0.000062, 
trial0001086, AA, 1197, 24, 49.910706, 7.041667, 0.000009, 0.004995, ZIP, 382, 16, 23.883941, 2.312500, 0.000005, 0.000044, 
trial0001087, AA, 994, 24, 41.444727, 5.041667, 0.000008, 0.004032, ZIP, 536, 16, 33.520409, 3.937500, 0.000005, 0.000046, 
trial0001088, AA, 0, 24, 0.000000, 0.000000, 0.000008, 0.004111, ZIP, 0, 16, 0.000000, 0.000000, 0.000005, 0.000053, 
trial0001089, AA, 1422, 24, 59.268434, 7.291667, 0.000008, 0.002794, ZIP, 240, 16, 15.034849, 2.562500, 0.000005, 0.000046, 
trial0001090, AA, 0, 24, 0.000000, 0.000000, 0.000009, 0.002746, ZIP, 0, 16, 0.000000, 0.000000, 0.000005, 0.000059, 
trial0001091, AA, 1096, 24, 45.689665, 4.875000, 0.000009, 0.004833, ZIP, 442, 16, 27.653003, 3.812500, 0.000005, 0.000048, 
trial0001092, AA, 1047, 24, 43.658168, 4.500000, 0.000009, 0.004567, ZIP, 381, 16, 23.825247, 3.125000, 0.000005, 0.000042, 
trial0001093, AA, 1028, 24, 42.859712, 7.291667, 0.000009, 0.003238, ZIP, 528, 16, 33.022931, 2.312500, 0.000005, 0.000047, 
trial0001094, AA, 977, 24, 40.717893, 6.583333, 0.000009, 0.002696, ZIP, 458, 16, 28.673161, 2.375000, 0.000005, 0.000044, 
trial0001095, AA, 1013, 24, 42.218174, 5.500000, 0.000009, 0.003038, ZIP, 524, 16, 32.797738, 3.875000, 0.000005, 0.000051, 
trial0001096, AA, 0, 24, 0.000000, 0.000000, 0.000009, 0.003104, ZIP, 0, 16, 0.000000, 0.000000, 0.000005, 0.000060, 
trial0001097, AA, 1154, 24, 48.117670, 5.958333, 0.000010, 0.003879, ZIP, 360, 16, 22.510995, 2.687500, 0.000005, 0.000040, 
trial0001098, AA, 1165, 24, 48.581948, 5.750000, 0.000009, 0.003908, ZIP, 381, 16, 23.814577, 3.750000, 0.000005, 0.000044, 
trial0001099, AA, 872, 24, 36.334831, 4.958333, 0.000010, 0.006012, ZIP, 479, 16, 29.997753, 3.187500, 0.000005, 0.000042, 
trial0001100, AA, 781, 24, 32.572409, 4.791667, 0.000009, 0.002716, ZIP, 587, 16, 36.703887, 3.687500, 0.000005, 0.000049, 
trial0001101, AA, 0, 24, 0.000000, 0.000000, 0.000009, 0.001678, ZIP, 0, 16, 0.000000, 0.000000, 0.000005, 0.000060, 
trial0001102, AA, 0, 24, 0.000000, 0.000000, 0.000009, 0.001983, ZIP, 0, 16, 0.000000, 0.000000, 0.000005, 0.000050, 
trial0001103, AA, 0, 24, 0.000000, 0.000000, 0.000009, 0.001945, ZIP, 0, 16, 0.000000, 0.000000, 0.000005, 0.000053, 
trial0001104, AA, 0, 24, 0.000000, 0.000000, 0.000008, 0.003174, ZIP, 0, 16, 0.000000, 0.000000, 0.000005, 0.000054, 
trial0001105, AA, 0, 24, 0.000000, 0.000000, 0.000009, 0.001789, ZIP, 0, 16, 0.000000, 0.000000, 0.000005, 0.000059, 
trial0001106, AA, 274, 24, 11.442952, 2.583333, 0.000009, 0.004904, ZIP, 80, 16, 5.023072, 1.375000, 0.000005, 0.000038, 
trial0001107, AA, 0, 24, 0.000000, 0.000000, 0.000009, 0.002267, ZIP, 0, 16, 0.000000, 0.000000, 0.000005, 0.000048, 
trial0001108, AA, 0, 24, 0.000000, 0.000000, 0.000009, 0.002882, ZIP, 0, 16, 0.000000, 0.000000, 0.000005, 0.000055, 
trial0001109, AA, 259, 24, 10.819444, 3.083333, 0.000010, 0.005331, ZIP, 59, 16, 3.708333, 0.875000, 0.000005, 0.000038, 
trial0001110, AA, 0, 24, 0.000000, 0.000000, 0.000009, 0.001771, ZIP, 0, 16, 0.000000, 0.000000, 0.000005, 0.000054, 
trial0001111, AA, 0, 24, 0.000000, 0.000000, 0.000009, 0.002963, ZIP, 0, 16, 0.000000, 0.000000, 0.000005, 0.000057, 
trial0001112, AA, 0, 24, 0.000000, 0.000000, 0.000008, 0.003472, ZIP, 0, 16, 0.000000, 0.000000, 0.000005, 0.000054, 
trial0001113, AA, 341, 24, 14.208719, 3.000000, 0.000009, 0.004808, ZIP, 49, 16, 3.124421, 1.000000, 0.000005, 0.000039, 
trial0001114, AA, 0, 24, 0.000000, 0.000000, 0.000009, 0.002951, ZIP, 0, 16, 0.000000, 0.000000, 0.000005, 0.000055, 
trial0001115, AA, 0, 24, 0.000000, 0.000000, 0.000009, 0.003206, ZIP, 0, 16, 0.000000, 0.000000, 0.000005, 0.000056, 
trial0001116, AA, 0, 24, 0.000000, 0.000000, 0.000008, 0.004561, ZIP, 0, 16, 0.000000, 0.000000, 0.000005, 0.000049, 
trial0001117, AA, 0, 24, 0.000000, 0.000000, 0.000008, 0.003699, ZIP, 0, 16, 0.000000, 0.000000, 0.000005, 0.000047, 
trial0001118, AA, 0, 24, 0.000000, 0.000000, 0.000009, 0.002778, ZIP, 0, 16, 0.000000, 0.000000, 0.000005, 0.000046, 
trial0001119, AA, 0, 24, 0.000000, 0.000000, 0.000009, 0.002621, ZIP, 0, 16, 0.000000, 0.000000, 0.000005, 0.000063, 
trial0001120, AA, 0, 24, 0.000000, 0.000000, 0.000009, 0.002367, ZIP, 0, 16, 0.000000, 0.000000, 0.000005, 0.000058, 
trial0001121, AA, 0, 24, 0.000000, 0.000000, 0.000009, 0.002436, ZIP, 0, 16, 0.000000, 0.000000, 0.000005, 0.000055, 
trial0001122, AA, 331, 24, 13.824074, 3.333333, 0.000009, 0.005241, ZIP, 67, 16, 4.201389, 1.125000, 0.000005, 0.000038, 
trial0001123, AA, 0, 24, 0.000000, 0.000000, 0.000009, 0.002957, ZIP, 0, 16, 0.000000, 0.000000, 0.000005, 0.000052, 
trial0001124, AA, 0, 24, 0.000000, 0.000000, 0.000009, 0.002702, ZIP, 0, 16, 0.000000, 0.000000, 0.000005, 0.000062, 
trial0001125, AA, 0, 24, 0.000000, 0.000000, 0.000009, 0.004190, ZIP, 0, 16, 0.000000, 0.000000, 0.000005, 0.000048, 
trial0001126, AA, 0, 24, 0.000000, 0.000000, 0.000009, 0.003911, ZIP, 0, 16, 0.000000, 0.000000, 0.000005, 0.000049, 
trial0001127, AA, 0, 24, 0.000000, 0.000000, 0.000009, 0.003996, ZIP, 0, 16, 0.000000, 0.000000, 0.000005, 0.000059, 
trial0001128, AA, 0, 24, 0.000000, 0.000000, 0.000009, 0.002165, ZIP, 0, 16, 0.000000, 0.000000, 0.000005, 0.000052, 
trial0001129, AA, 0, 24, 0.000000, 0.000000, 0.000009, 0.002214, ZIP, 0, 16, 0.000000, 0.000000, 0.000005, 0.000061, 
trial0001130, AA, 0, 24, 0.000000, 0.000000, 0.000009, 0.002795, ZIP, 0, 16, 0.000000, 0.000000, 0.000005, 0.000055, 
trial0001131, AA, 0, 24, 0.000000, 0.000000, 0.000009, 0.003040, ZIP, 0, 16, 0.000000, 0.000000, 0.000005, 0.000055, 
trial0001132, AA, 0, 24, 0.000000, 0.000000, 0.000009, 0.002394, ZIP, 0, 16, 0.000000, 0.000000, 0.000005, 0.000056, 
trial0001133, AA, 0, 24, 0.000000, 0.000000, 0.000009, 0.004808, ZIP, 0, 16, 0.000000, 0.000000, 0.000005, 0.000058, 
trial0001134, AA, 0, 24, 0.000000, 0.000000, 0.000009, 0.003216, ZIP, 0, 16, 0.000000, 0.000000, 0.000005, 0.000059, 
trial0001135, AA, 0, 24, 0.000000, 0.000000, 0.000009, 0.002085, ZIP, 0, 16, 0.000000, 0.000000, 0.000005, 0.000058, 
trial0001136, AA, 0, 24, 0.000000, 0.000000, 0.000009, 0.001882, ZIP, 0, 16, 0.000000, 0.000000, 0.000005, 0.000060, 
trial0001137, AA, 0, 24, 0.000000, 0.000000, 0.000009, 0.002449, ZIP, 0, 16, 0.000000, 0.000000, 0.000005, 0.000053, 
trial0001138, AA, 0, 24, 0.000000, 0.000000, 0.000009, 0.001551, ZIP, 0, 16, 0.000000, 0.000000, 0.000005, 0.000057, 
trial0001139, AA, 0, 24, 0.000000, 0.000000, 0.000008, 0.002889, ZIP, 0, 16, 0.000000, 0.000000, 0.000005, 0.000054, 
trial0001140, AA, 411, 24, 17.134774, 4.000000, 0.000009, 0.004178, ZIP, 26, 16, 1.672840, 0.750000, 0.000005, 0.000041, 
trial0001141, AA, 0, 24, 0.000000, 0.000000, 0.000009, 0.002132, ZIP, 0, 16, 0.000000, 0.000000, 0.000005, 0.000052, 
trial0001142, AA, 0, 24, 0.000000, 0.000000, 0.000009, 0.003223, ZIP, 0, 16, 0.000000, 0.000000, 0.000005, 0.000052, 
trial0001143, AA, 243, 24, 10.163157, 2.083333, 0.000009, 0.005307, ZIP, 94, 16, 5.880264, 1.375000, 0.000005, 0.000039, 
trial0001144, AA, 0, 24, 0.000000, 0.000000, 0.000009, 0.002176, ZIP, 0, 16, 0.000000, 0.000000, 0.000005, 0.000056, 
trial0001145, AA, 0, 24, 0.000000, 0.000000, 0.000009, 0.003357, ZIP, 0, 16, 0.000000, 0.000000, 0.000005, 0.000058, 
trial0001146, AA, 0, 24, 0.000000, 0.000000, 0.000008, 0.001330, ZIP, 0, 16, 0.000000, 0.000000, 0.000005, 0.000059, 
trial0001147, AA, 202, 24, 8.443160, 2.958333, 0.000010, 0.005676, ZIP, 157, 16, 9.835260, 1.937500, 0.000005, 0.000048, 
trial0001148, AA, 339, 24, 14.157408, 3.416667, 0.000009, 0.003889, ZIP, 54, 16, 3.388888, 0.875000, 0.000005, 0.000040, 
trial0001149, AA, 0, 24, 0.000000, 0.000000, 0.000009, 0.002917, ZIP, 0, 16, 0.000000, 0.000000, 0.000005, 0.000057, 
trial0001150, AA, 0, 24, 0.000000, 0.000000, 0.000009, 0.003590, ZIP, 0, 16, 0.000000, 0.000000, 0.000005, 0.000047, 
trial0001151, AA, 0, 24, 0.000000, 0.000000, 0.000008, 0.003464, ZIP, 0, 16, 0.000000, 0.000000, 0.000005, 0.000053, 
trial0001152, AA, 0, 24, 0.000000, 0.000000, 0.000009, 0.003014, ZIP, 14, 16, 0.875000, 0.125000, 0.000005, 0.000038, 
trial0001153, AA, 0, 24, 0.000000, 0.000000, 0.000009, 0.001910, ZIP, 0, 16, 0.000000, 0.000000, 0.000005, 0.000062, 
trial0001154, AA, 0, 24, 0.000000, 0.000000, 0.000009, 0.003261, ZIP, 0, 16, 0.000000, 0.000000, 0.000005, 0.000053, 
trial0001155, AA, 0, 24, 0.000000, 0.000000, 0.000009, 0.004261, ZIP, 0, 16, 0.000000, 0.000000, 0.000005, 0.000053, 
trial0001156, AA, 0, 24, 0.000000, 0.000000, 0.000009, 0.002048, ZIP, 0, 16, 0.000000, 0.000000, 0.000005, 0.000060, 
trial0001157, AA, 0, 24, 0.000000, 0.000000, 0.000009, 0.003833, ZIP, 0, 16, 0.000000, 0.000000, 0.000005, 0.000051, 
trial0001158, AA, 0, 24, 0.000000, 0.000000, 0.000008, 0.002934, ZIP, 0, 16, 0.000000, 0.000000, 0.000005, 0.000055, 
trial0001159, AA, 331, 24, 13.796296, 3.083333, 0.000009, 0.004279, ZIP, 85, 16, 5.368056, 1.625000, 0.000005, 0.000038, 
trial0001160, AA, 263, 24, 10.990741, 2.958333, 0.000009, 0.005090, ZIP, 49, 16, 3.076389, 0.812500, 0.000005, 0.000038, 
trial0001161, AA, 0, 24, 0.000000, 0.000000, 0.000009, 0.002352, ZIP, 0, 16, 0.000000, 0.000000, 0.000005, 0.000050, 
trial0001162, AA, 0, 24, 0.000000, 0.000000, 0.000009, 0.003270, ZIP, 0, 16, 0.000000, 0.000000, 0.000005, 0.000049, 
trial0001163, AA, 220, 24, 9.180556, 2.125000, 0.000009, 0.004800, ZIP, 49, 16, 3.104167, 1.062500, 0.000005, 0.000040, 
trial0001164, AA, 0, 24, 0.000000, 0.000000, 0.000008, 0.001933, ZIP, 0, 16, 0.000000, 0.000000, 0.000005, 0.000058, 
trial0001165, AA, 428, 24, 17.861371, 4.500000, 0.000009, 0.003499, ZIP, 37, 16, 2.332943, 1.250000, 0.000005, 0.000042, 
trial0001166, AA, 0, 24, 0.000000, 0.000000, 0.000009, 0.001823, ZIP, 0, 16, 0.000000, 0.000000, 0.000005, 0.000054, 
trial0001167, AA, 0, 24, 0.000000, 0.000000, 0.000008, 0.002282, ZIP, 0, 16, 0.000000, 0.000000, 0.000005, 0.000054, 
trial0001168, AA, 0, 24, 0.000000, 0.000000, 0.000009, 0.002789, ZIP, 0, 16, 0.000000, 0.000000, 0.000005, 0.000053, 
trial0001169, AA, 0, 24, 0.000000, 0.000000, 0.000009, 0.004247, ZIP, 0, 16, 0.000000, 0.000000, 0.000005, 0.000056, 
trial0001170, AA, 0, 24, 0.000000, 0.000000, 0.000014, 0.009575, ZIP, 0, 16, 0.000000, 0.000000, 0.000006, 0.000090, 
trial0001171, AA, 0, 24, 0.000000, 0.000000, 0.000009, 0.003250, ZIP, 0, 16, 0.000000, 0.000000, 0.000005, 0.000050, 
trial0001172, AA, 0, 24, 0.000000, 0.000000, 0.000009, 0.004073, ZIP, 0, 16, 0.000000, 0.000000, 0.000005, 0.000060, 
trial0001173, AA, 0, 24, 0.000000, 0.000000, 0.000009, 0.002483, ZIP, 0, 16, 0.000000, 0.000000, 0.000005, 0.000057, 
trial0001174, AA, 207, 24, 8.639918, 2.750000, 0.000009, 0.005586, ZIP, 146, 16, 9.165123, 1.625000, 0.000005, 0.000039, 
trial0001175, AA, 0, 24, 0.000000, 0.000000, 0.000009, 0.002712, ZIP, 0, 16, 0.000000, 0.000000, 0.000005, 0.000058, 
trial0001176, AA, 270, 24, 11.279710, 2.791667, 0.000009, 0.004915, ZIP, 108, 16, 6.767935, 1.687500, 0.000005, 0.000040, 
trial0001177, AA, 0, 24, 0.000000, 0.000000, 0.000009, 0.002159, ZIP, 0, 16, 0.000000, 0.000000, 0.000005, 0.000057, 
trial0001178, AA, 0, 24, 0.000000, 0.000000, 0.000008, 0.003984, ZIP, 0, 16, 0.000000, 0.000000, 0.000005, 0.000051, 
trial0001179, AA, 0, 24, 0.000000, 0.000000, 0.000009, 0.002988, ZIP, 0, 16, 0.000000, 0.000000, 0.000005, 0.000053, 
trial0001180, AA, 0, 24, 0.000000, 0.000000, 0.000009, 0.003002, ZIP, 0, 16, 0.000000, 0.000000, 0.000005, 0.000052, 
trial0001181, AA, 310, 24, 12.920077, 2.625000, 0.000009, 0.002872, ZIP, 107, 16, 6.744885, 1.937500, 0.000005, 0.000042, 
trial0001182, AA, 263, 24, 10.991380, 2.875000, 0.000009, 0.003702, ZIP, 71, 16, 4.450430, 1.062500, 0.000005, 0.000040, 
trial0001183, AA, 0, 24, 0.000000, 0.000000, 0.000009, 0.002982, ZIP, 0, 16, 0.000000, 0.000000, 0.000005, 0.000058, 
trial0001184, AA, 0, 24, 0.000000, 0.000000, 0.000009, 0.002470, ZIP, 0, 16, 0.000000, 0.000000, 0.000005, 0.000060, 
trial0001185, AA, 278, 24, 11.595050, 2.333333, 0.000008, 0.003573, ZIP, 106, 16, 6.669924, 1.875000, 0.000005, 0.000042, 
trial0001186, AA, 0, 24, 0.000000, 0.000000, 0.000009, 0.002869, ZIP, 0, 16, 0.000000, 0.000000, 0.000005, 0.000049, 
trial0001187, AA, 373, 24, 15.570429, 3.416667, 0.000010, 0.003483, ZIP, 47, 16, 2.956857, 1.500000, 0.000005, 0.000041, 
trial0001188, AA, 186, 24, 7.788580, 3.000000, 0.000010, 0.004198, ZIP, 160, 16, 10.004630, 2.000000, 0.000005, 0.000043, 
trial0001189, AA, 0, 24, 0.000000, 0.000000, 0.000009, 0.002702, ZIP, 0, 16, 0.000000, 0.000000, 0.000005, 0.000043, 
trial0001190, AA, 240, 24, 10.025772, 1.583333, 0.000009, 0.004050, ZIP, 81, 16, 5.086343, 1.625000, 0.000005, 0.000038, 
trial0001191, AA, 343, 24, 14.330418, 4.083333, 0.000009, 0.003442, ZIP, 100, 16, 6.254372, 1.250000, 0.000005, 0.000044, 
trial0001192, AA, 0, 24, 0.000000, 0.000000, 0.000009, 0.001907, ZIP, 0, 16, 0.000000, 0.000000, 0.000005, 0.000052, 
trial0001193, AA, 0, 24, 0.000000, 0.000000, 0.000009, 0.002064, ZIP, 0, 16, 0.000000, 0.000000, 0.000005, 0.000049, 
trial0001194, AA, 0, 24, 0.000000, 0.000000, 0.000009, 0.002554, ZIP, 0, 16, 0.000000, 0.000000, 0.000005, 0.000057, 
trial0001195, AA, 0, 24, 0.000000, 0.000000, 0.000009, 0.004181, ZIP, 0, 16, 0.000000, 0.000000, 0.000005, 0.000054, 
trial0001196, AA, 0, 24, 0.000000, 0.000000, 0.000009, 0.001956, ZIP, 0, 16, 0.000000, 0.000000, 0.000005, 0.000059, 
trial0001197, AA, 0, 24, 0.000000, 0.000000, 0.000009, 0.002722, ZIP, 0, 16, 0.000000, 0.000000, 0.000005, 0.000064, 
trial0001198, AA, 0, 24, 0.000000, 0.000000, 0.000009, 0.002523, ZIP, 0, 16, 0.000000, 0.000000, 0.000005, 0.000052, 
trial0001199, AA, 0, 24, 0.000000, 0.000000, 0.000009, 0.001903, ZIP, 0, 16, 0.000000, 0.000000, 0.000005, 0.000062, 
trial0001200, AA, 154, 24, 6.441358, 1.583333, 0.000008, 0.004256, ZIP, 102, 16, 6.400463, 1.375000, 0.000005, 0.000036, 
trial0001201, AA, 3200, 24, 133.343324, 7.750000, 0.000009, 0.003631, ZIP, 1192, 16, 74.547513, 4.250000, 0.000005, 0.000055, 
trial0001202, AA, 3348, 24, 139.534142, 6.166667, 0.000010, 0.005312, ZIP, 980, 16, 61.261287, 4.625000, 0.000005, 0.000044, 
trial0001203, AA, 2407, 24, 100.309108, 6.750000, 0.000010, 0.002803, ZIP, 1776, 16, 111.036338, 5.250000, 0.000005, 0.000055, 
trial0001204, AA, 2651, 24, 110.466401, 6.458333, 0.000010, 0.003225, ZIP, 1383, 16, 86.487899, 4.437500, 0.000005, 0.000050, 
trial0001205, AA, 1715, 24, 71.476767, 3.875000, 0.000008, 0.004111, ZIP, 1653, 16, 103.347350, 5.187500, 0.000005, 0.000040, 
trial0001206, AA, 2591, 24, 107.960313, 5.041667, 0.000009, 0.004136, ZIP, 1381, 16, 86.372030, 5.062500, 0.000005, 0.000047, 
trial0001207, AA, 1980, 24, 82.502247, 5.083333, 0.000009, 0.002991, ZIP, 1495, 16, 93.496629, 5.000000, 0.000005, 0.000044, 
trial0001208, AA, 2840, 24, 118.352316, 7.541667, 0.000010, 0.004264, ZIP, 1361, 16, 85.096526, 3.812500, 0.000005, 0.000048, 
trial0001209, AA, 2553, 24, 106.405923, 7.291667, 0.000009, 0.002546, ZIP, 1572, 16, 98.266115, 4.312500, 0.000005, 0.000048, 
trial0001210, AA, 2457, 24, 102.410373, 7.291667, 0.000010, 0.003356, ZIP, 1616, 16, 101.009441, 4.312500, 0.000005, 0.000053, 
trial0001211, AA, 3548, 24, 147.838728, 7.833333, 0.000010, 0.004956, ZIP, 888, 16, 55.554408, 3.750000, 0.000005, 0.000047, 
trial0001212, AA, 2492, 24, 103.868019, 8.000000, 0.000009, 0.002722, ZIP, 1215, 16, 75.947971, 2.500000, 0.000005, 0.000043, 
trial0001213, AA, 3439, 24, 143.330438, 6.000000, 0.000010, 0.004816, ZIP, 804, 16, 50.254343, 4.750000, 0.000005, 0.000046, 
trial0001214, AA, 3352, 24, 139.672829, 7.750000, 0.000011, 0.005598, ZIP, 1104, 16, 69.053256, 3.625000, 0.000005, 0.000047, 
trial0001215, AA, 4361, 24, 181.746387, 10.416667, 0.000010, 0.003813, ZIP, 377, 16, 23.567919, 2.125000, 0.000005, 0.000048, 
trial0001216, AA, 1851, 24, 77.143341, 4.583333, 0.000008, 0.002949, ZIP, 1522, 16, 95.159988, 5.375000, 0.000005, 0.000043, 
trial0001217, AA, 3022, 24, 125.942953, 8.083333, 0.000009, 0.003145, ZIP, 1333, 16, 83.335570, 4.250000, 0.000005, 0.000052, 
trial0001218, AA, 3231, 24, 134.664105, 8.166667, 0.000009, 0.004837, ZIP, 963, 16, 60.191343, 3.500000, 0.000005, 0.000050, 
trial0001219, AA, 2973, 24, 123.903333, 7.208333, 0.000007, 0.002708, ZIP, 1155, 16, 72.207500, 3.937500, 0.000005, 0.000046, 
trial0001220, AA, 2158, 24, 89.923168, 5.166667, 0.000010, 0.003933, ZIP, 1518, 16, 94.927748, 4.625000, 0.000005, 0.000045, 
trial0001221, AA, 2933, 24, 122.247218, 7.000000, 0.000009, 0.001772, ZIP, 1161, 16, 72.566673, 3.875000, 0.000005, 0.000046, 
trial0001222, AA, 3606, 24, 150.276989, 7.583333, 0.000009, 0.003653, ZIP, 813, 16, 50.834517, 3.750000, 0.000005, 0.000047, 
trial0001223, AA, 2828, 24, 117.860341, 7.041667, 0.000009, 0.003182, ZIP, 1342, 16, 83.896988, 3.937500, 0.000005, 0.000048, 
trial0001224, AA, 2655, 24, 110.626675, 7.750000, 0.000009, 0.004508, ZIP, 1329, 16, 83.122488, 3.625000, 0.000005, 0.000046, 
trial0001225, AA, 2542, 24, 105.934957, 5.416667, 0.000009, 0.002623, ZIP, 1472, 16, 92.035064, 5.000000, 0.000005, 0.000049, 
trial0001226, AA, 3499, 24, 145.821830, 6.750000, 0.000008, 0.004051, ZIP, 882, 16, 55.142256, 4.000000, 0.000005, 0.000046, 
trial0001227, AA, 2962, 24, 123.455407, 7.750000, 0.000010, 0.004410, ZIP, 1143, 16, 71.441890, 3.500000, 0.000005, 0.000045, 
trial0001228, AA, 2363, 24, 98.468758, 4.333333, 0.000008, 0.003011, ZIP, 1589, 16, 99.359363, 6.125000, 0.000005, 0.000047, 
trial0001229, AA, 2722, 24, 113.436414, 5.541667, 0.000009, 0.003798, ZIP, 1115, 16, 69.720379, 4.437500, 0.000005, 0.000043, 
trial0001230, AA, 2737, 24, 114.042124, 5.458333, 0.000009, 0.003096, ZIP, 1509, 16, 94.374314, 5.812500, 0.000005, 0.000047, 
trial0001231, AA, 3153, 24, 131.414002, 7.666667, 0.000009, 0.003305, ZIP, 1130, 16, 70.628997, 4.375000, 0.000005, 0.000044, 
trial0001232, AA, 2143, 24, 89.297629, 6.791667, 0.000009, 0.003775, ZIP, 1622, 16, 101.428556, 3.687500, 0.000005, 0.000043, 
trial0001233, AA, 3148, 24, 131.195226, 6.750000, 0.000009, 0.003406, ZIP, 1066, 16, 66.644661, 4.375000, 0.000005, 0.000046, 
trial0001234, AA, 2562, 24, 106.753659, 6.083333, 0.000008, 0.003191, ZIP, 1371, 16, 85.744512, 4.625000, 0.000005, 0.000044, 
trial0001235, AA, 2378, 24, 99.090015, 6.125000, 0.000009, 0.003473, ZIP, 1591, 16, 99.489978, 4.812500, 0.000005, 0.000054, 
trial0001236, AA, 3371, 24, 140.482970, 6.791667, 0.000008, 0.002995, ZIP, 890, 16, 55.650544, 3.937500, 0.000005, 0.000049, 
trial0001237, AA, 1631, 24, 67.958800, 4.875000, 0.000009, 0.004728, ZIP, 1446, 16, 90.436800, 4.687500, 0.000005, 0.000044, 
trial0001238, AA, 3587, 24, 149.472933, 8.833333, 0.000009, 0.002598, ZIP, 876, 16, 54.790601, 3.000000, 0.000005, 0.000048, 
trial0001239, AA, 1559, 24, 64.959966, 4.750000, 0.000008, 0.004859, ZIP, 1576, 16, 98.560051, 5.000000, 0.000005, 0.000045, 
trial0001240, AA, 2133, 24, 88.915462, 6.541667, 0.000009, 0.004054, ZIP, 1675, 16, 104.689307, 4.562500, 0.000005, 0.000049, 
trial0001241, AA, 3771, 24, 157.164469, 9.875000, 0.000009, 0.003573, ZIP, 861, 16, 53.815797, 2.687500, 0.000005, 0.000048, 
trial0001242, AA, 2672, 24, 111.335829, 6.208333, 0.000010, 0.005034, ZIP, 1232, 16, 77.058757, 4.437500, 0.000005, 0.000046, 
trial0001243, AA, 2244, 24, 93.532508, 6.000000, 0.000009, 0.005063, ZIP, 1354, 16, 84.638738, 4.125000, 0.000005, 0.000043, 
trial0001244, AA, 3319, 24, 138.318068, 8.000000, 0.000009, 0.003690, ZIP, 1108, 16, 69.272897, 4.000000, 0.000005, 0.000059, 
trial0001245, AA, 2240, 24, 93.341585, 5.458333, 0.000010, 0.003868, ZIP, 1609, 16, 100.612622, 5.062500, 0.000005, 0.000048, 
trial0001246, AA, 2501, 24, 104.216664, 5.958333, 0.000009, 0.005340, ZIP, 1435, 16, 89.737504, 5.437500, 0.000005, 0.000052, 
trial0001247, AA, 2564, 24, 106.853360, 7.041667, 0.000009, 0.004339, ZIP, 1528, 16, 95.532460, 4.312500, 0.000005, 0.000046, 
trial0001248, AA, 2709, 24, 112.903463, 6.375000, 0.000009, 0.004166, ZIP, 1304, 16, 81.519806, 4.562500, 0.000005, 0.000047, 
trial0001249, AA, 3237, 24, 134.878369, 7.708333, 0.000009, 0.003300, ZIP, 1035, 16, 64.744947, 3.437500, 0.000005, 0.000046, 
trial0001250, AA, 2613, 24, 108.893763, 8.083333, 0.000009, 0.003196, ZIP, 1423, 16, 88.971855, 3.125000, 0.000005, 0.000047, 
trial0001251, AA, 2790, 24, 116.277351, 7.166667, 0.000008, 0.003719, ZIP, 1530, 16, 95.646473, 4.375000, 0.000005, 0.000050, 
trial0001252, AA, 3476, 24, 144.844012, 5.583333, 0.000009, 0.004763, ZIP, 913, 16, 57.108982, 5.750000, 0.000005, 0.000057, 
trial0001253, AA, 1317, 24, 54.878513, 3.958333, 0.000009, 0.003458, ZIP, 1671, 16, 104.494730, 4.812500, 0.000005, 0.000044, 
trial0001254, AA, 2948, 24, 122.854328, 7.250000, 0.000009, 0.003231, ZIP, 1283, 16, 80.218508, 3.625000, 0.000005, 0.000043, 
trial0001255, AA, 3433, 24, 143.050510, 7.333333, 0.000010, 0.003874, ZIP, 969, 16, 60.611735, 4.125000, 0.000005, 0.000045, 
trial0001256, AA, 2701, 24, 112.571319, 7.166667, 0.000010, 0.004113, ZIP, 1400, 16, 87.518021, 4.125000, 0.000005, 0.000053, 
trial0001257, AA, 3576, 24, 149.019922, 8.750000, 0.000009, 0.003090, ZIP, 943, 16, 58.970118, 3.125000, 0.000005, 0.000048, 
trial0001258, AA, 1991, 24, 82.962145, 6.458333, 0.000008, 0.001923, ZIP, 1608, 16, 100.556782, 4.562500, 0.000005, 0.000045, 
trial0001259, AA, 2998, 24, 124.944409, 6.666667, 0.000009, 0.002925, ZIP, 1237, 16, 77.333387, 4.500000, 0.000005, 0.000050, 
trial0001260, AA, 2529, 24, 105.397711, 7.958333, 0.000010, 0.004014, ZIP, 1393, 16, 87.090933, 3.937500, 0.000005, 0.000048, 
trial0001261, AA, 3351, 24, 139.630077, 8.000000, 0.000008, 0.002552, ZIP, 1179, 16, 73.742385, 4.500000, 0.000005, 0.000052, 
trial0001262, AA, 2450, 24, 102.107596, 6.166667, 0.000010, 0.004717, ZIP, 1429, 16, 89.338607, 4.375000, 0.000005, 0.000043, 
trial0001263, AA, 2850, 24, 118.753180, 7.583333, 0.000009, 0.003948, ZIP, 1048, 16, 65.557730, 3.625000, 0.000005, 0.000048, 
trial0001264, AA, 2163, 24, 90.157766, 6.750000, 0.000010, 0.004423, ZIP, 1460, 16, 91.263350, 3.500000, 0.000005, 0.000044, 
trial0001265, AA, 2948, 24, 122.840215, 7.166667, 0.000010, 0.003306, ZIP, 1171, 16, 73.239678, 4.000000, 0.000005, 0.000051, 
trial0001266, AA, 2218, 24, 92.425276, 7.000000, 0.000008, 0.003857, ZIP, 1456, 16, 91.049586, 3.875000, 0.000005, 0.000042, 
trial0001267, AA, 2536, 24, 105.706416, 6.291667, 0.000008, 0.002767, ZIP, 1316, 16, 82.252877, 4.562500, 0.000005, 0.000043, 
trial0001268, AA, 3350, 24, 139.611924, 7.000000, 0.000009, 0.005335, ZIP, 825, 16, 51.582114, 3.625000, 0.000005, 0.000042, 
trial0001269, AA, 1676, 24, 69.851260, 4.916667, 0.000009, 0.002409, ZIP, 1762, 16, 110.160610, 5.625000, 0.000005, 0.000044, 
trial0001270, AA, 2998, 24, 124.941309, 7.333333, 0.000009, 0.003713, ZIP, 1111, 16, 69.463037, 4.000000, 0.000005, 0.000046, 
trial0001271, AA, 2452, 24, 102.195285, 7.333333, 0.000009, 0.003118, ZIP, 1670, 16, 104.394572, 4.125000, 0.000005, 0.000050, 
trial0001272, AA, 2535, 24, 105.648845, 6.166667, 0.000010, 0.005339, ZIP, 1442, 16, 90.151732, 4.875000, 0.000005, 0.000051, 
trial0001273, AA, 3383, 24, 140.980380, 7.208333, 0.000010, 0.003813, ZIP, 1006, 16, 62.904430, 4.687500, 0.000005, 0.000051, 
trial0001274, AA, 1688, 24, 70.350793, 5.583333, 0.000010, 0.003654, ZIP, 1704, 16, 106.536311, 4.375000, 0.000005, 0.000047, 
trial0001275, AA, 3210, 24, 133.781637, 6.708333, 0.000008, 0.001869, ZIP, 1044, 16, 65.265044, 4.312500, 0.000005, 0.000047, 
trial0001276, AA, 3534, 24, 147.251228, 7.625000, 0.000009, 0.004891, ZIP, 878, 16, 54.935658, 3.687500, 0.000005, 0.000049, 
trial0001277, AA, 2434, 24, 101.420310, 6.583333, 0.000009, 0.003496, ZIP, 1652, 16, 103.307035, 5.250000, 0.000005, 0.000051, 
trial0001278, AA, 2552, 24, 106.370965, 6.916667, 0.000009, 0.004652, ZIP, 1346, 16, 84.131053, 3.750000, 0.000005, 0.000044, 
trial0001279, AA, 2965, 24, 123.565172, 7.458333, 0.000008, 0.003930, ZIP, 1119, 16, 69.964743, 3.437500, 0.000005, 0.000046, 
trial0001280, AA, 3800, 24, 158.347346, 7.833333, 0.000009, 0.003579, ZIP, 763, 16, 47.728982, 4.375000, 0.000005, 0.000047, 
trial0001281, AA, 2654, 24, 110.608703, 6.333333, 0.000009, 0.002992, ZIP, 1560, 16, 97.524445, 5.125000, 0.000005, 0.000050, 
trial0001282, AA, 3149, 24, 131.248118, 7.125000, 0.000010, 0.003019, ZIP, 1284, 16, 80.252823, 4.062500, 0.000005, 0.000048, 
trial0001283, AA, 3612, 24, 150.523236, 8.208333, 0.000009, 0.003695, ZIP, 788, 16, 49.277646, 3.312500, 0.000005, 0.000049, 
trial0001284, AA, 1772, 24, 73.858846, 4.000000, 0.000009, 0.003087, ZIP, 1720, 16, 107.524230, 5.875000, 0.000005, 0.000044, 
trial0001285, AA, 2317, 24, 96.564979, 6.375000, 0.000010, 0.003519, ZIP, 1722, 16, 107.652531, 4.562500, 0.000005, 0.000047, 
trial0001286, AA, 3391, 24, 141.332172, 7.708333, 0.000009, 0.002650, ZIP, 1019, 16, 63.689242, 4.062500, 0.000005, 0.000056, 
trial0001287, AA, 2390, 24, 99.583441, 6.458333, 0.000007, 0.001214, ZIP, 1641, 16, 102.624838, 4.937500, 0.000005, 0.000053, 
trial0001288, AA, 3333, 24, 138.890594, 7.541667, 0.000009, 0.002800, ZIP, 1175, 16, 73.476608, 4.187500, 0.000005, 0.000047, 
trial0001289, AA, 2412, 24, 100.521603, 6.791667, 0.000009, 0.004292, ZIP, 1671, 16, 104.467595, 4.812500, 0.000005, 0.000054, 
trial0001290, AA, 4406, 24, 183.603602, 9.458333, 0.000009, 0.002959, ZIP, 417, 16, 26.094598, 2.937500, 0.000005, 0.000055, 
trial0001291, AA, 3051, 24, 127.128595, 7.208333, 0.000009, 0.005166, ZIP, 1018, 16, 63.682107, 4.312500, 0.000005, 0.000047, 
trial0001292, AA, 3393, 24, 141.375211, 7.708333, 0.000008, 0.003108, ZIP, 1031, 16, 64.499684, 4.437500, 0.000005, 0.000052, 
trial0001293, AA, 2776, 24, 115.698996, 6.416667, 0.000008, 0.003237, ZIP, 884, 16, 55.264006, 3.750000, 0.000005, 0.000042, 
trial0001294, AA, 2466, 24, 102.763498, 6.666667, 0.000010, 0.003390, ZIP, 1258, 16, 78.667253, 3.750000, 0.000005, 0.000049, 
trial0001295, AA, 3343, 24, 139.311740, 6.666667, 0.000008, 0.002548, ZIP, 1052, 16, 65.782390, 4.500000, 0.000005, 0.000045, 
trial0001296, AA, 2963, 24, 123.473810, 6.791667, 0.000009, 0.002765, ZIP, 1283, 16, 80.226784, 4.437500, 0.000005, 0.000046, 
trial0001297, AA, 3382, 24, 140.934710, 8.541667, 0.000009, 0.003434, ZIP, 855, 16, 53.472934, 2.562500, 0.000005, 0.000042, 
trial0001298, AA, 1714, 24, 71.441580, 6.750000, 0.000010, 0.004081, ZIP, 1925, 16, 120.337630, 4.000000, 0.000005, 0.000047, 
trial0001299, AA, 2256, 24, 94.036615, 5.625000, 0.000009, 0.003200, ZIP, 1438, 16, 89.882577, 4.562500, 0.000005, 0.000045, 
trial0001300, AA, 3086, 24, 128.602617, 7.708333, 0.000009, 0.003566, ZIP, 862, 16, 53.908575, 3.187500, 0.000005, 0.000045, 
trial0001301, AA, 9746, 24, 406.123683, 10.625000, 0.000010, 0.002422, ZIP, 4348, 16, 271.751975, 8.937500, 0.000005, 0.000054, 
trial0001302, AA, 8988, 24, 374.524069, 10.458333, 0.000009, 0.001661, ZIP, 4371, 16, 273.213896, 7.687500, 0.000005, 0.000047, 
trial0001303, AA, 10736, 24, 447.364531, 11.208333, 0.000009, 0.001496, ZIP, 3539, 16, 221.203203, 7.312500, 0.000005, 0.000052, 
trial0001304, AA, 11369, 24, 473.730681, 13.125000, 0.000010, 0.002408, ZIP, 2989, 16, 186.841479, 6.437500, 0.000005, 0.000049, 
trial0001305, AA, 6823, 24, 284.301676, 11.125000, 0.000010, 0.002371, ZIP, 6494, 16, 405.922485, 7.812500, 0.000005, 0.000052, 
trial0001306, AA, 9961, 24, 415.069146, 12.458333, 0.000009, 0.002435, ZIP, 4572, 16, 285.771281, 7.562500, 0.000005, 0.000058, 
trial0001307, AA, 12135, 24, 505.641168, 12.750000, 0.000009, 0.002085, ZIP, 2924, 16, 182.788248, 6.750000, 0.000005, 0.000050, 
trial0001308, AA, 10109, 24, 421.225330, 11.458333, 0.000010, 0.001687, ZIP, 4076, 16, 254.787005, 7.562500, 0.000005, 0.000056, 
trial0001309, AA, 11968, 24, 498.696907, 13.666667, 0.000010, 0.002686, ZIP, 2714, 16, 169.642140, 5.250000, 0.000005, 0.000050, 
trial0001310, AA, 9320, 24, 388.354100, 10.125000, 0.000010, 0.002474, ZIP, 4535, 16, 283.468850, 8.312500, 0.000005, 0.000053, 
trial0001311, AA, 9512, 24, 396.354484, 11.875000, 0.000010, 0.002559, ZIP, 3723, 16, 232.718275, 6.812500, 0.000005, 0.000051, 
trial0001312, AA, 7295, 24, 303.973110, 11.166667, 0.000010, 0.002234, ZIP, 5084, 16, 317.790336, 7.375000, 0.000005, 0.000049, 
trial0001313, AA, 9616, 24, 400.677257, 11.875000, 0.000009, 0.003406, ZIP, 4032, 16, 252.046614, 6.687500, 0.000005, 0.000051, 
trial0001314, AA, 7724, 24, 321.864189, 10.541667, 0.000009, 0.001592, ZIP, 5528, 16, 345.516216, 7.937500, 0.000005, 0.000052, 
trial0001315, AA, 10683, 24, 445.160724, 11.708333, 0.000010, 0.004313, ZIP, 3228, 16, 201.758913, 7.437500, 0.000005, 0.000049, 
trial0001316, AA, 12175, 24, 507.327226, 12.666667, 0.000010, 0.002372, ZIP, 2724, 16, 170.259161, 6.625000, 0.000005, 0.000056, 
trial0001317, AA, 8712, 24, 363.019187, 11.250000, 0.000009, 0.001646, ZIP, 4409, 16, 275.596220, 7.125000, 0.000005, 0.000050, 
trial0001318, AA, 9313, 24, 388.072825, 11.250000, 0.000010, 0.002106, ZIP, 4348, 16, 271.765762, 7.625000, 0.000005, 0.000051, 
trial0001319, AA, 8097, 24, 337.384101, 10.500000, 0.000010, 0.001766, ZIP, 4085, 16, 255.361348, 7.250000, 0.000005, 0.000045, 
trial0001320, AA, 9609, 24, 400.403400, 10.458333, 0.000009, 0.002671, ZIP, 4100, 16, 256.269900, 7.562500, 0.000005, 0.000047, 
trial0001321, AA, 9473, 24, 394.714686, 10.833333, 0.000010, 0.002595, ZIP, 4380, 16, 273.802972, 7.875000, 0.000005, 0.000051, 
trial0001322, AA, 10668, 24, 444.525929, 11.708333, 0.000009, 0.000913, ZIP, 3850, 16, 240.648607, 7.562500, 0.000005, 0.000052, 
trial0001323, AA, 9972, 24, 415.535263, 9.583333, 0.000009, 0.002173, ZIP, 4384, 16, 274.009605, 9.750000, 0.000005, 0.000049, 
trial0001324, AA, 10356, 24, 431.507680, 10.625000, 0.000009, 0.001862, ZIP, 4166, 16, 260.425980, 8.437500, 0.000005, 0.000053, 
trial0001325, AA, 8061, 24, 335.894112, 9.625000, 0.000010, 0.001502, ZIP, 4925, 16, 307.846333, 9.062500, 0.000005, 0.000049, 
trial0001326, AA, 11521, 24, 480.076707, 12.458333, 0.000010, 0.002781, ZIP, 3261, 16, 203.822440, 7.062500, 0.000005, 0.000054, 
trial0001327, AA, 9555, 24, 398.128853, 12.583333, 0.000010, 0.002488, ZIP, 4105, 16, 256.619221, 6.375000, 0.000005, 0.000057, 
trial0001328, AA, 9724, 24, 405.167855, 12.916667, 0.000009, 0.001698, ZIP, 4462, 16, 278.935717, 6.375000, 0.000005, 0.000053, 
trial0001329, AA, 11635, 24, 484.810388, 12.916667, 0.000010, 0.002550, ZIP, 3271, 16, 204.471918, 6.875000, 0.000005, 0.000057, 
trial0001330, AA, 10837, 24, 451.560302, 12.916667, 0.000010, 0.001243, ZIP, 3598, 16, 224.909546, 6.375000, 0.000005, 0.000055, 
trial0001331, AA, 8519, 24, 354.999280, 10.666667, 0.000010, 0.003351, ZIP, 5055, 16, 315.938580, 8.625000, 0.000005, 0.000051, 
trial0001332, AA, 9542, 24, 397.607024, 12.875000, 0.000009, 0.001322, ZIP, 4111, 16, 256.964464, 5.937500, 0.000005, 0.000047, 
trial0001333, AA, 8565, 24, 356.900697, 11.000000, 0.000010, 0.001683, ZIP, 4875, 16, 304.711455, 7.375000, 0.000005, 0.000055, 
trial0001334, AA, 8633, 24, 359.708831, 11.708333, 0.000010, 0.002049, ZIP, 4336, 16, 271.061753, 6.687500, 0.000005, 0.000054, 
trial0001335, AA, 14339, 24, 597.477635, 14.041667, 0.000010, 0.001911, ZIP, 1385, 16, 86.596047, 5.312500, 0.000005, 0.000046, 
trial0001336, AA, 8936, 24, 372.374798, 11.250000, 0.000009, 0.002249, ZIP, 4432, 16, 277.000303, 7.125000, 0.000005, 0.000049, 
trial0001337, AA, 12736, 24, 530.694477, 12.791667, 0.000009, 0.001665, ZIP, 2603, 16, 162.708284, 6.937500, 0.000005, 0.000052, 
trial0001338, AA, 6199, 24, 258.311155, 9.291667, 0.000010, 0.003250, ZIP, 5376, 16, 336.033268, 8.437500, 0.000005, 0.000047, 
trial0001339, AA, 8105, 24, 337.744610, 11.041667, 0.000009, 0.001496, ZIP, 4756, 16, 297.258085, 7.562500, 0.000005, 0.000050, 
trial0001340, AA, 7179, 24, 299.146097, 11.125000, 0.000009, 0.001608, ZIP, 5124, 16, 320.280854, 7.687500, 0.000005, 0.000048, 
trial0001341, AA, 7114, 24, 296.431926, 8.583333, 0.000009, 0.001632, ZIP, 4980, 16, 311.289611, 9.000000, 0.000005, 0.000049, 
trial0001342, AA, 9267, 24, 386.154416, 12.833333, 0.000010, 0.002842, ZIP, 4563, 16, 285.205876, 6.625000, 0.000005, 0.000051, 
trial0001343, AA, 7347, 24, 306.146051, 11.250000, 0.000010, 0.002429, ZIP, 4499, 16, 281.218423, 5.875000, 0.000005, 0.000046, 
trial0001344, AA, 8816, 24, 367.374805, 9.833333, 0.000010, 0.003117, ZIP, 4669, 16, 291.812793, 8.875000, 0.000005, 0.000052, 
trial0001345, AA, 10594, 24, 441.430825, 11.833333, 0.000010, 0.002940, ZIP, 3443, 16, 215.228762, 6.625000, 0.000005, 0.000050, 
trial0001346, AA, 10577, 24, 440.715343, 11.000000, 0.000009, 0.001425, ZIP, 3717, 16, 232.364486, 7.250000, 0.000005, 0.000051, 
trial0001347, AA, 8243, 24, 343.487379, 10.250000, 0.000009, 0.003286, ZIP, 4805, 16, 300.331432, 8.500000, 0.000005, 0.000051, 
trial0001348, AA, 11578, 24, 482.436370, 12.666667, 0.000010, 0.001160, ZIP, 3164, 16, 197.782945, 6.750000, 0.000005, 0.000056, 
trial0001349, AA, 8663, 24, 360.997505, 11.833333, 0.000009, 0.001084, ZIP, 4664, 16, 291.503742, 6.875000, 0.000005, 0.000050, 
trial0001350, AA, 9698, 24, 404.096689, 11.708333, 0.000010, 0.003167, ZIP, 4921, 16, 307.604966, 8.687500, 0.000005, 0.000058, 
trial0001351, AA, 10503, 24, 437.638094, 11.666667, 0.000010, 0.002366, ZIP, 3826, 16, 239.167859, 7.375000, 0.000005, 0.000051, 
trial0001352, AA, 8817, 24, 367.392930, 11.291667, 0.000010, 0.001935, ZIP, 4588, 16, 286.785605, 7.312500, 0.000005, 0.000052, 
trial0001353, AA, 10086, 24, 420.277099, 12.958333, 0.000010, 0.000991, ZIP, 4147, 16, 259.209352, 6.437500, 0.000005, 0.000054, 
trial0001354, AA, 9172, 24, 382.205818, 11.750000, 0.000010, 0.002163, ZIP, 4886, 16, 305.378773, 7.375000, 0.000005, 0.000054, 
trial0001355, AA, 11082, 24, 461.761730, 12.458333, 0.000010, 0.001829, ZIP, 3431, 16, 214.482405, 7.687500, 0.000005, 0.000053, 
trial0001356, AA, 11676, 24, 486.506583, 13.416667, 0.000011, 0.003639, ZIP, 3393, 16, 212.115126, 5.875000, 0.000005, 0.000056, 
trial0001357, AA, 6847, 24, 285.322834, 9.416667, 0.000010, 0.002669, ZIP, 5527, 16, 345.453248, 8.875000, 0.000005, 0.000045, 
trial0001358, AA, 10705, 24, 446.081203, 11.708333, 0.000010, 0.002171, ZIP, 3564, 16, 222.753195, 7.062500, 0.000005, 0.000050, 
trial0001359, AA, 11467, 24, 477.803630, 13.125000, 0.000010, 0.001768, ZIP, 3355, 16, 209.732055, 7.062500, 0.000005, 0.000054, 
trial0001360, AA, 8878, 24, 369.937258, 12.250000, 0.000010, 0.002104, ZIP, 4852, 16, 303.281613, 7.250000, 0.000005, 0.000056, 
trial0001361, AA, 9489, 24, 395.379829, 11.166667, 0.000010, 0.002932, ZIP, 3874, 16, 242.180257, 7.750000, 0.000005, 0.000050, 
trial0001362, AA, 8032, 24, 334.689109, 10.833333, 0.000010, 0.002758, ZIP, 4544, 16, 284.028837, 6.875000, 0.000005, 0.000046, 
trial0001363, AA, 8151, 24, 339.635085, 10.833333, 0.000010, 0.002926, ZIP, 4799, 16, 299.984872, 7.500000, 0.000005, 0.000047, 
trial0001364, AA, 10497, 24, 437.408249, 12.500000, 0.000010, 0.002421, ZIP, 4314, 16, 269.637626, 7.375000, 0.000005, 0.000054, 
trial0001365, AA, 8680, 24, 361.704333, 11.083333, 0.000009, 0.001691, ZIP, 5408, 16, 338.006000, 8.250000, 0.000005, 0.000062, 
trial0001366, AA, 10102, 24, 420.919569, 11.291667, 0.000010, 0.002191, ZIP, 3999, 16, 249.995647, 7.562500, 0.000005, 0.000051, 
trial0001367, AA, 8154, 24, 339.759708, 10.791667, 0.000010, 0.003497, ZIP, 4311, 16, 269.485438, 6.687500, 0.000005, 0.000048, 
trial0001368, AA, 9817, 24, 409.078217, 11.500000, 0.000010, 0.002551, ZIP, 3812, 16, 238.257675, 6.625000, 0.000005, 0.000047, 
trial0001369, AA, 10564, 24, 440.176912, 11.791667, 0.000009, 0.001853, ZIP, 3285, 16, 205.359631, 6.562500, 0.000005, 0.000049, 
trial0001370, AA, 5009, 24, 208.726901, 8.208333, 0.000010, 0.002843, ZIP, 5672, 16, 354.534649, 8.187500, 0.000005, 0.000043, 
trial0001371, AA, 9393, 24, 391.382614, 10.208333, 0.000010, 0.002562, ZIP, 4530, 16, 283.176079, 9.187500, 0.000005, 0.000049, 
trial0001372, AA, 8272, 24, 344.697090, 11.791667, 0.000010, 0.001338, ZIP, 5265, 16, 329.079365, 6.937500, 0.000005, 0.000053, 
trial0001373, AA, 7552, 24, 314.702117, 9.291667, 0.000010, 0.002134, ZIP, 4298, 16, 268.634324, 8.062500, 0.000005, 0.000044, 
trial0001374, AA, 10636, 24, 443.205376, 11.791667, 0.000009, 0.002357, ZIP, 3549, 16, 221.816936, 7.187500, 0.000005, 0.000049, 
trial0001375, AA, 10955, 24, 456.489966, 13.458333, 0.000010, 0.003440, ZIP, 3670, 16, 229.390051, 6.062500, 0.000005, 0.000049, 
trial0001376, AA, 10343, 24, 430.987331, 13.041667, 0.000010, 0.002523, ZIP, 3974, 16, 248.394004, 6.812500, 0.000005, 0.000053, 
trial0001377, AA, 8903, 24, 370.995645, 10.750000, 0.000010, 0.002194, ZIP, 3803, 16, 237.694033, 7.250000, 0.000005, 0.000048, 
trial0001378, AA, 9456, 24, 394.034307, 10.375000, 0.000010, 0.002528, ZIP, 3807, 16, 237.948539, 7.812500, 0.000005, 0.000048, 
trial0001379, AA, 9814, 24, 408.923382, 10.625000, 0.000010, 0.001594, ZIP, 4469, 16, 279.364928, 8.562500, 0.000005, 0.000049, 
trial0001380, AA, 8294, 24, 345.607173, 11.208333, 0.000009, 0.001164, ZIP, 4209, 16, 263.089241, 6.187500, 0.000005, 0.000045, 
trial0001381, AA, 7512, 24, 313.023418, 10.625000, 0.000009, 0.002370, ZIP, 4845, 16, 302.839873, 7.062500, 0.000005, 0.000046, 
trial0001382, AA, 8731, 24, 363.794973, 10.041667, 0.000010, 0.002562, ZIP, 4880, 16, 305.057540, 8.937500, 0.000005, 0.000054, 
trial0001383, AA, 10849, 24, 452.042306, 12.458333, 0.000010, 0.001393, ZIP, 3430, 16, 214.436541, 6.187500, 0.000005, 0.000048, 
trial0001384, AA, 7851, 24, 327.166548, 10.750000, 0.000009, 0.001585, ZIP, 4607, 16, 287.937679, 7.875000, 0.000005, 0.000051, 
trial0001385, AA, 8860, 24, 369.200462, 11.291667, 0.000010, 0.001788, ZIP, 5097, 16, 318.574307, 7.812500, 0.000005, 0.000052, 
trial0001386, AA, 10111, 24, 421.313755, 12.666667, 0.000010, 0.001520, ZIP, 3987, 16, 249.216867, 6.500000, 0.000005, 0.000049, 
trial0001387, AA, 10930, 24, 455.426790, 13.166667, 0.000009, 0.001591, ZIP, 3444, 16, 215.297315, 6.250000, 0.000005, 0.000053, 
trial0001388, AA, 9004, 24, 375.187680, 11.333333, 0.000009, 0.002482, ZIP, 4363, 16, 272.718479, 7.125000, 0.000005, 0.000049, 
trial0001389, AA, 10315, 24, 429.827892, 10.916667, 0.000010, 0.003627, ZIP, 3618, 16, 226.133162, 7.500000, 0.000005, 0.000049, 
trial0001390, AA, 13074, 24, 544.774200, 13.250000, 0.000010, 0.002311, ZIP, 2656, 16, 166.026199, 7.250000, 0.000005, 0.000061, 
trial0001391, AA, 9430, 24, 392.950503, 10.875000, 0.000010, 0.002279, ZIP, 3709, 16, 231.824246, 7.187500, 0.000005, 0.000045, 
trial0001392, AA, 11642, 24, 485.115897, 11.291667, 0.000009, 0.003173, ZIP, 3122, 16, 195.138654, 7.562500, 0.000005, 0.000049, 
trial0001393, AA, 9656, 24, 402.351872, 11.208333, 0.000010, 0.002478, ZIP, 4160, 16, 260.034692, 7.687500, 0.000005, 0.000049, 
trial0001394, AA, 6387, 24, 266.142372, 8.916667, 0.000009, 0.002406, ZIP, 5193, 16, 324.598943, 8.750000, 0.000005, 0.000046, 
trial0001395, AA, 10628, 24, 442.854791, 11.458333, 0.000009, 0.001771, ZIP, 3502, 16, 218.905314, 6.687500, 0.000005, 0.000050, 
trial0001396, AA, 13091, 24, 545.476138, 14.500000, 0.000010, 0.002421, ZIP, 2137, 16, 133.598293, 5.000000, 0.000005, 0.000050, 
trial0001397, AA, 10923, 24, 455.127442, 10.291667, 0.000010, 0.003138, ZIP, 3413, 16, 213.371337, 8.312500, 0.000005, 0.000047, 
trial0001398, AA, 10790, 24, 449.619393, 12.333333, 0.000009, 0.002217, ZIP, 3751, 16, 234.445911, 6.000000, 0.000005, 0.000051, 
trial0001399, AA, 9574, 24, 398.926046, 9.916667, 0.000009, 0.001682, ZIP, 4057, 16, 253.610931, 8.250000, 0.000005, 0.000048, 
trial0001400, AA, 11787, 24, 491.140614, 12.583333, 0.000010, 0.002033, ZIP, 2858, 16, 178.664079, 5.625000, 0.000005, 0.000048, 
trial0001401, AA, 8497, 24, 354.061690, 11.916667, 0.000009, 0.001631, ZIP, 2652, 16, 165.782465, 6.125000, 0.000005, 0.000049, 
trial0001402, AA, 7815, 24, 325.649328, 11.666667, 0.000010, 0.001973, ZIP, 3176, 16, 198.526008, 6.750000, 0.000005, 0.000049, 
trial0001403, AA, 6595, 24, 274.820580, 9.625000, 0.000009, 0.001935, ZIP, 3699, 16, 231.206630, 7.562500, 0.000005, 0.000045, 
trial0001404, AA, 8165, 24, 340.240852, 13.625000, 0.000010, 0.002125, ZIP, 2798, 16, 174.888722, 3.937500, 0.000005, 0.000049, 
trial0001405, AA, 7625, 24, 317.734156, 11.208333, 0.000009, 0.002852, ZIP, 3504, 16, 219.023766, 6.687500, 0.000005, 0.000050, 
trial0001406, AA, 7330, 24, 305.455447, 10.791667, 0.000009, 0.001404, ZIP, 3542, 16, 221.379329, 6.687500, 0.000005, 0.000049, 
trial0001407, AA, 9216, 24, 384.020983, 12.291667, 0.000010, 0.003365, ZIP, 2426, 16, 151.656025, 5.687500, 0.000005, 0.000055, 
trial0001408, AA, 6017, 24, 250.733341, 9.541667, 0.000010, 0.002538, ZIP, 4004, 16, 250.274988, 7.187500, 0.000005, 0.000048, 
trial0001409, AA, 5924, 24, 246.842790, 8.916667, 0.000010, 0.003193, ZIP, 4041, 16, 252.610816, 7.875000, 0.000005, 0.000049, 
trial0001410, AA, 7936, 24, 330.697113, 11.333333, 0.000009, 0.003321, ZIP, 3448, 16, 215.516830, 6.875000, 0.000005, 0.000057, 
trial0001411, AA, 6962, 24, 290.089009, 10.375000, 0.000009, 0.003011, ZIP, 3699, 16, 231.241487, 6.937500, 0.000005, 0.000052, 
trial0001412, AA, 4687, 24, 195.302359, 8.541667, 0.000010, 0.003006, ZIP, 4575, 16, 285.983962, 7.937500, 0.000005, 0.000047, 
trial0001413, AA, 8344, 24, 347.699053, 11.791667, 0.000010, 0.002142, ZIP, 3003, 16, 187.701421, 6.812500, 0.000005, 0.000051, 
trial0001414, AA, 9594, 24, 399.751177, 13.125000, 0.000009, 0.001546, ZIP, 2508, 16, 156.810734, 6.062500, 0.000005, 0.000054, 
trial0001415, AA, 7525, 24, 313.576598, 11.500000, 0.000010, 0.002079, ZIP, 3298, 16, 206.135103, 5.875000, 0.000005, 0.000052, 
trial0001416, AA, 7120, 24, 296.685520, 10.041667, 0.000010, 0.002106, ZIP, 3989, 16, 249.346721, 7.812500, 0.000005, 0.000050, 
trial0001417, AA, 7482, 24, 311.760884, 9.625000, 0.000010, 0.002871, ZIP, 2983, 16, 186.483673, 6.937500, 0.000005, 0.000047, 
trial0001418, AA, 7849, 24, 327.071856, 10.208333, 0.000009, 0.001829, ZIP, 3228, 16, 201.767216, 7.437500, 0.000005, 0.000051, 
trial0001419, AA, 6294, 24, 262.291616, 10.500000, 0.000009, 0.002542, ZIP, 4253, 16, 265.812576, 7.625000, 0.000005, 0.000051, 
trial0001420, AA, 6913, 24, 288.044513, 11.083333, 0.000009, 0.001873, ZIP, 3224, 16, 201.558230, 5.625000, 0.000005, 0.000048, 
trial0001421, AA, 5153, 24, 214.745443, 8.666667, 0.000009, 0.002059, ZIP, 4622, 16, 288.881836, 8.000000, 0.000005, 0.000051, 
trial0001422, AA, 7399, 24, 308.306153, 10.250000, 0.000009, 0.002395, ZIP, 3238, 16, 202.415771, 7.250000, 0.000005, 0.000046, 
trial0001423, AA, 8283, 24, 345.140268, 11.708333, 0.000010, 0.002246, ZIP, 3008, 16, 188.039598, 6.062500, 0.000005, 0.000048, 
trial0001424, AA, 7768, 24, 323.701036, 11.166667, 0.000010, 0.004381, ZIP, 2751, 16, 171.948445, 5.875000, 0.000005, 0.000048, 
trial0001425, AA, 8436, 24, 351.506715, 11.375000, 0.000009, 0.001774, ZIP, 2908, 16, 181.802427, 6.812500, 0.000005, 0.000054, 
trial0001426, AA, 8103, 24, 337.632634, 10.541667, 0.000009, 0.003238, ZIP, 3269, 16, 204.363549, 7.687500, 0.000005, 0.000049, 
trial0001427, AA, 6755, 24, 281.492321, 10.208333, 0.000009, 0.002305, ZIP, 3616, 16, 226.011518, 7.187500, 0.000005, 0.000049, 
trial0001428, AA, 7609, 24, 317.070240, 9.208333, 0.000009, 0.002573, ZIP, 3280, 16, 205.019640, 7.812500, 0.000005, 0.000047, 
trial0001429, AA, 6002, 24, 250.100755, 10.250000, 0.000009, 0.002148, ZIP, 3887, 16, 242.973868, 6.875000, 0.000005, 0.000046, 
trial0001430, AA, 7560, 24, 315.012607, 9.833333, 0.000010, 0.002310, ZIP, 3398, 16, 212.418589, 6.875000, 0.000005, 0.000050, 
trial0001431, AA, 9204, 24, 383.505381, 12.291667, 0.000010, 0.004280, ZIP, 2485, 16, 155.366928, 6.812500, 0.000005, 0.000060, 
trial0001432, AA, 7251, 24, 302.165849, 10.708333, 0.000010, 0.002247, ZIP, 3586, 16, 224.126226, 6.937500, 0.000005, 0.000048, 
trial0001433, AA, 8365, 24, 348.570576, 12.041667, 0.000010, 0.002114, ZIP, 3091, 16, 193.206637, 5.812500, 0.000005, 0.000057, 
trial0001434, AA, 7043, 24, 293.483899, 10.791667, 0.000009, 0.002453, ZIP, 3590, 16, 224.399152, 6.437500, 0.000005, 0.000049, 
trial0001435, AA, 5898, 24, 245.752178, 9.708333, 0.000010, 0.001749, ZIP, 4256, 16, 266.059233, 7.812500, 0.000005, 0.000053, 
trial0001436, AA, 8082, 24, 336.769541, 10.750000, 0.000010, 0.002557, ZIP, 3446, 16, 215.408188, 8.125000, 0.000005, 0.000052, 
trial0001437, AA, 5823, 24, 242.652297, 10.333333, 0.000008, 0.001046, ZIP, 4480, 16, 280.021555, 7.750000, 0.000005, 0.000049, 
trial0001438, AA, 7521, 24, 313.392416, 10.208333, 0.000009, 0.001047, ZIP, 3170, 16, 198.161376, 7.062500, 0.000005, 0.000049, 
trial0001439, AA, 7905, 24, 329.402624, 11.041667, 0.000010, 0.002967, ZIP, 3451, 16, 215.708564, 7.187500, 0.000005, 0.000052, 
trial0001440, AA, 6125, 24, 255.218963, 9.375000, 0.000009, 0.002329, ZIP, 3873, 16, 242.109055, 7.562500, 0.000005, 0.000046, 
trial0001441, AA, 6746, 24, 281.117759, 11.500000, 0.000009, 0.002509, ZIP, 3599, 16, 224.948362, 6.000000, 0.000005, 0.000053, 
trial0001442, AA, 7607, 24, 316.998185, 11.458333, 0.000009, 0.001913, ZIP, 3357, 16, 209.815222, 6.687500, 0.000005, 0.000054, 
trial0001443, AA, 7631, 24, 317.987094, 11.250000, 0.000009, 0.001859, ZIP, 3403, 16, 212.706859, 6.750000, 0.000005, 0.000053, 
trial0001444, AA, 4715, 24, 196.479084, 7.166667, 0.000009, 0.001841, ZIP, 4793, 16, 299.593874, 9.125000, 0.000005, 0.000045, 
trial0001445, AA, 6064, 24, 252.702541, 8.875000, 0.000009, 0.002008, ZIP, 4195, 16, 262.196189, 8.062500, 0.000005, 0.000046, 
trial0001446, AA, 5309, 24, 221.219113, 7.625000, 0.000009, 0.003050, ZIP, 4161, 16, 260.108830, 8.187500, 0.000005, 0.000044, 
trial0001447, AA, 6887, 24, 286.968638, 10.416667, 0.000009, 0.002502, ZIP, 3508, 16, 219.297042, 7.125000, 0.000005, 0.000048, 
trial0001448, AA, 8400, 24, 350.017197, 10.833333, 0.000009, 0.001991, ZIP, 3031, 16, 189.474205, 7.250000, 0.000005, 0.000051, 
trial0001449, AA, 7606, 24, 316.932937, 9.791667, 0.000009, 0.002221, ZIP, 3096, 16, 193.538095, 7.312500, 0.000005, 0.000047, 
trial0001450, AA, 6326, 24, 263.612672, 9.500000, 0.000010, 0.002874, ZIP, 4045, 16, 252.830992, 8.000000, 0.000005, 0.000048, 
trial0001451, AA, 7213, 24, 300.579254, 10.833333, 0.000009, 0.002940, ZIP, 3247, 16, 202.943618, 6.500000, 0.000005, 0.000049, 
trial0001452, AA, 7679, 24, 319.976321, 10.041667, 0.000009, 0.003151, ZIP, 3197, 16, 199.848018, 7.187500, 0.000005, 0.000046, 
trial0001453, AA, 8701, 24, 362.580016, 11.916667, 0.000009, 0.002004, ZIP, 2736, 16, 171.004976, 6.375000, 0.000005, 0.000063, 
trial0001454, AA, 6716, 24, 279.868813, 10.000000, 0.000010, 0.002813, ZIP, 3756, 16, 234.759281, 7.375000, 0.000005, 0.000052, 
trial0001455, AA, 8112, 24, 338.001097, 11.750000, 0.000010, 0.002013, ZIP, 2635, 16, 164.748355, 5.375000, 0.000005, 0.000045, 
trial0001456, AA, 7807, 24, 325.322973, 9.625000, 0.000009, 0.001425, ZIP, 3061, 16, 191.328041, 7.687500, 0.000005, 0.000050, 
trial0001457, AA, 7750, 24, 322.937328, 11.375000, 0.000010, 0.002029, ZIP, 3249, 16, 203.094008, 6.312500, 0.000005, 0.000048, 
trial0001458, AA, 5970, 24, 248.774108, 8.916667, 0.000010, 0.003193, ZIP, 3738, 16, 233.651338, 7.125000, 0.000005, 0.000052, 
trial0001459, AA, 7059, 24, 294.140115, 11.333333, 0.000010, 0.004720, ZIP, 3906, 16, 244.164827, 7.375000, 0.000005, 0.000052, 
trial0001460, AA, 6846, 24, 285.278569, 10.791667, 0.000009, 0.002935, ZIP, 3534, 16, 220.894647, 6.562500, 0.000005, 0.000049, 
trial0001461, AA, 8803, 24, 366.811285, 10.833333, 0.000010, 0.002916, ZIP, 2533, 16, 158.345572, 7.000000, 0.000005, 0.000052, 
trial0001462, AA, 7971, 24, 332.131753, 10.583333, 0.000010, 0.003500, ZIP, 3271, 16, 204.489870, 6.875000, 0.000005, 0.000051, 
trial0001463, AA, 10166, 24, 423.601950, 12.916667, 0.000010, 0.001270, ZIP, 2028, 16, 126.784576, 6.375000, 0.000005, 0.000059, 
trial0001464, AA, 8862, 24, 369.291067, 12.416667, 0.000010, 0.002198, ZIP, 2652, 16, 165.750899, 6.250000, 0.000005, 0.000054, 
trial0001465, AA, 8722, 24, 363.430057, 11.750000, 0.000010, 0.002331, ZIP, 2454, 16, 153.417415, 5.875000, 0.000005, 0.000054, 
trial0001466, AA, 8534, 24, 355.589331, 11.541667, 0.000009, 0.002084, ZIP, 3146, 16, 196.678503, 6.687500, 0.000005, 0.000057, 
trial0001467, AA, 7780, 24, 324.190631, 10.416667, 0.000009, 0.002167, ZIP, 3300, 16, 206.276554, 6.875000, 0.000005, 0.000052, 
trial0001468, AA, 8314, 24, 346.431794, 12.083333, 0.000010, 0.001483, ZIP, 3238, 16, 202.414809, 7.000000, 0.000005, 0.000057, 
trial0001469, AA, 8625, 24, 359.404505, 11.083333, 0.000010, 0.002651, ZIP, 3282, 16, 205.143242, 8.000000, 0.000005, 0.000060, 
trial0001470, AA, 5980, 24, 249.193211, 8.291667, 0.000009, 0.003756, ZIP, 3897, 16, 243.585183, 8.437500, 0.000005, 0.000050, 
trial0001471, AA, 8410, 24, 350.447631, 12.625000, 0.000010, 0.001836, ZIP, 2974, 16, 185.891053, 5.812500, 0.000005, 0.000051, 
trial0001472, AA, 6230, 24, 259.596785, 8.916667, 0.000009, 0.004537, ZIP, 4023, 16, 251.479823, 8.000000, 0.000005, 0.000049, 
trial0001473, AA, 8267, 24, 344.491963, 11.791667, 0.000009, 0.000903, ZIP, 3214, 16, 200.887055, 6.687500, 0.000005, 0.000058, 
trial0001474, AA, 8473, 24, 353.070395, 11.791667, 0.000010, 0.002579, ZIP, 2770, 16, 173.144407, 5.812500, 0.000005, 0.000048, 
trial0001475, AA, 6568, 24, 273.701138, 9.833333, 0.000010, 0.002634, ZIP, 3987, 16, 249.198293, 7.375000, 0.000005, 0.000051, 
trial0001476, AA, 6600, 24, 275.020445, 9.500000, 0.000010, 0.003094, ZIP, 4156, 16, 259.781833, 8.500000, 0.000005, 0.000052, 
trial0001477, AA, 10829, 24, 451.221412, 13.583333, 0.000010, 0.003340, ZIP, 1426, 16, 89.167881, 4.500000, 0.000005, 0.000050, 
trial0001478, AA, 6686, 24, 278.621320, 10.791667, 0.000010, 0.001855, ZIP, 3807, 16, 237.943020, 6.312500, 0.000005, 0.000050, 
trial0001479, AA, 6214, 24, 258.957430, 9.458333, 0.000010, 0.003032, ZIP, 3699, 16, 231.188855, 7.437500, 0.000005, 0.000052, 
trial0001480, AA, 5200, 24, 216.699784, 10.625000, 0.000010, 0.001581, ZIP, 5084, 16, 317.762824, 7.437500, 0.000005, 0.000058, 
trial0001481, AA, 6455, 24, 268.992519, 12.166667, 0.000010, 0.001866, ZIP, 3781, 16, 236.323722, 5.500000, 0.000005, 0.000051, 
trial0001482, AA, 7269, 24, 302.882194, 10.625000, 0.000009, 0.002932, ZIP, 3449, 16, 215.614209, 6.812500, 0.000005, 0.000052, 
trial0001483, AA, 7810, 24, 325.444635, 10.750000, 0.000009, 0.001282, ZIP, 3077, 16, 192.333048, 6.750000, 0.000005, 0.000050, 
trial0001484, AA, 7747, 24, 322.817961, 10.541667, 0.000010, 0.002537, ZIP, 3069, 16, 191.835559, 7.062500, 0.000005, 0.000050, 
trial0001485, AA, 7787, 24, 324.484409, 12.416667, 0.000009, 0.000711, ZIP, 3480, 16, 217.523387, 6.125000, 0.000005, 0.000059, 
trial0001486, AA, 9322, 24, 388.436952, 12.000000, 0.000010, 0.002830, ZIP, 2316, 16, 144.782072, 6.625000, 0.000005, 0.000053, 
trial0001487, AA, 7538, 24, 314.104688, 10.000000, 0.000009, 0.002376, ZIP, 3345, 16, 209.092968, 7.875000, 0.000005, 0.000050, 
trial0001488, AA, 7232, 24, 301.352447, 11.291667, 0.000010, 0.003191, ZIP, 3443, 16, 215.221329, 6.062500, 0.000005, 0.000050, 
trial0001489, AA, 8608, 24, 358.698488, 11.958333, 0.000009, 0.001186, ZIP, 2510, 16, 156.889769, 5.437500, 0.000005, 0.000051, 
trial0001490, AA, 9013, 24, 375.580174, 12.500000, 0.000009, 0.001613, ZIP, 2701, 16, 168.817239, 6.000000, 0.000005, 0.000053, 
trial0001491, AA, 8677, 24, 361.542530, 12.625000, 0.000010, 0.003031, ZIP, 2323, 16, 145.248705, 4.812500, 0.000005, 0.000048, 
trial0001492, AA, 7501, 24, 312.555465, 11.208333, 0.000009, 0.001707, ZIP, 3215, 16, 200.979302, 6.062500, 0.000005, 0.000048, 
trial0001493, AA, 7531, 24, 313.828234, 11.250000, 0.000009, 0.001984, ZIP, 3545, 16, 221.570150, 6.375000, 0.000005, 0.000053, 
trial0001494, AA, 5655, 24, 235.639498, 9.583333, 0.000010, 0.003711, ZIP, 4861, 16, 303.853252, 8.375000, 0.000005, 0.000053, 
trial0001495, AA, 5779, 24, 240.816010, 9.708333, 0.000009, 0.002473, ZIP, 3984, 16, 249.025985, 6.937500, 0.000005, 0.000047, 
trial0001496, AA, 7245, 24, 301.890738, 10.416667, 0.000010, 0.002191, ZIP, 3725, 16, 232.851392, 7.250000, 0.000005, 0.000050, 
trial0001497, AA, 6254, 24, 260.620118, 8.625000, 0.000010, 0.002056, ZIP, 4316, 16, 269.757323, 9.312500, 0.000005, 0.000053, 
trial0001498, AA, 5400, 24, 225.041540, 9.416667, 0.000010, 0.003266, ZIP, 4705, 16, 294.062690, 8.000000, 0.000005, 0.000051, 
trial0001499, AA, 8466, 24, 352.784514, 11.291667, 0.000010, 0.002648, ZIP, 2773, 16, 173.323229, 6.312500, 0.000005, 0.000052, 
trial0001500, AA, 7546, 24, 314.451732, 10.333333, 0.000010, 0.002181, ZIP, 3369, 16, 210.572403, 7.250000, 0.000005, 0.000050, 
trial0001501, AA, 4761, 24, 198.387698, 11.083333, 0.000010, 0.002058, ZIP, 2549, 16, 159.355954, 5.250000, 0.000005, 0.000054, 
trial0001502, AA, 8399, 24, 349.988429, 14.541667, 0.000010, 0.000836, ZIP, 2020, 16, 126.267356, 5.312500, 0.000005, 0.000054, 
trial0001503, AA, 6156, 24, 256.514478, 13.666667, 0.000009, 0.001159, ZIP, 3176, 16, 198.540783, 6.000000, 0.000005, 0.000057, 
trial0001504, AA, 6270, 24, 261.251870, 12.583333, 0.000010, 0.001616, ZIP, 2961, 16, 185.122195, 6.125000, 0.000005, 0.000053, 
trial0001505, AA, 6765, 24, 281.895179, 13.458333, 0.000010, 0.001825, ZIP, 2339, 16, 146.219732, 4.812500, 0.000005, 0.000052, 
trial0001506, AA, 7374, 24, 307.285213, 13.708333, 0.000010, 0.000719, ZIP, 2064, 16, 129.009680, 4.687500, 0.000005, 0.000053, 
trial0001507, AA, 7704, 24, 321.023990, 14.708333, 0.000009, 0.001030, ZIP, 2020, 16, 126.276515, 4.312500, 0.000005, 0.000050, 
trial0001508, AA, 8408, 24, 350.350784, 14.291667, 0.000010, 0.000946, ZIP, 1725, 16, 107.848824, 5.062500, 0.000005, 0.000055, 
trial0001509, AA, 4532, 24, 188.841534, 9.583333, 0.000010, 0.002621, ZIP, 2464, 16, 154.050198, 4.625000, 0.000005, 0.000056, 
trial0001510, AA, 5633, 24, 234.721689, 11.875000, 0.000010, 0.001292, ZIP, 2063, 16, 128.979966, 4.062500, 0.000005, 0.000052, 
trial0001511, AA, 6007, 24, 250.323917, 13.291667, 0.000010, 0.001600, ZIP, 1697, 16, 106.076625, 3.187500, 0.000005, 0.000049, 
trial0001512, AA, 10609, 24, 442.083116, 17.541667, 0.000010, 0.000536, ZIP, 489, 16, 30.562825, 3.312500, 0.000005, 0.000046, 
trial0001513, AA, 5847, 24, 243.658646, 12.250000, 0.000009, 0.000705, ZIP, 2691, 16, 168.199531, 5.000000, 0.000005, 0.000054, 
trial0001514, AA, 6851, 24, 285.480461, 13.666667, 0.000009, 0.001343, ZIP, 2443, 16, 152.716809, 4.625000, 0.000005, 0.000053, 
trial0001515, AA, 7937, 24, 330.740903, 16.083333, 0.000009, 0.000419, ZIP, 1648, 16, 103.013646, 3.125000, 0.000005, 0.000048, 
trial0001516, AA, 5213, 24, 217.227140, 12.208333, 0.000010, 0.002162, ZIP, 2631, 16, 164.471791, 4.937500, 0.000005, 0.000055, 
trial0001517, AA, 7305, 24, 304.383856, 14.750000, 0.000010, 0.000629, ZIP, 1842, 16, 115.174217, 3.625000, 0.000005, 0.000049, 
trial0001518, AA, 8222, 24, 342.609412, 14.541667, 0.000010, 0.001474, ZIP, 1845, 16, 115.335881, 4.687500, 0.000006, 0.000060, 
trial0001519, AA, 8097, 24, 337.385634, 16.083333, 0.000028, 0.000924, ZIP, 2108, 16, 131.796549, 4.125000, 0.000007, 0.000065, 
trial0001520, AA, 5637, 24, 234.899116, 12.458333, 0.000029, 0.003939, ZIP, 2369, 16, 148.088827, 4.562500, 0.000006, 0.000093, 
trial0001521, AA, 6454, 24, 268.956966, 13.208333, 0.000028, 0.005250, ZIP, 1662, 16, 103.877051, 3.187500, 0.000024, 0.000183, 
trial0001522, AA, 6933, 24, 288.878277, 13.541667, 0.000157, 0.017381, ZIP, 1758, 16, 109.932584, 3.562500, 0.000050, 0.000542, 
trial0001523, AA, 6615, 24, 275.663402, 13.333333, 0.000118, 0.010102, ZIP, 1961, 16, 122.567398, 3.750000, 0.000037, 0.000510, 
trial0001524, AA, 7710, 24, 321.250996, 11.750000, 0.000114, 0.017400, ZIP, 1307, 16, 81.748506, 4.125000, 0.000060, 0.000592, 
trial0001525, AA, 7737, 24, 322.393679, 15.791667, 0.000141, 0.004640, ZIP, 2576, 16, 161.034481, 4.937500, 0.000032, 0.000769, 
trial0001526, AA, 4953, 24, 206.403951, 12.041667, 0.000041, 0.020900, ZIP, 2303, 16, 143.956573, 3.687500, 0.000041, 0.000499, 
trial0001527, AA, 8244, 24, 343.506930, 15.791667, 0.000017, 0.002287, ZIP, 1742, 16, 108.927105, 3.812500, 0.000009, 0.000213, 
trial0001528, AA, 6724, 24, 280.178977, 12.875000, 0.000010, 0.001162, ZIP, 2471, 16, 154.481534, 4.937500, 0.000005, 0.000052, 
trial0001529, AA, 5123, 24, 213.482280, 11.375000, 0.000010, 0.003837, ZIP, 3000, 16, 187.526580, 5.562500, 0.000005, 0.000052, 
trial0001530, AA, 5931, 24, 247.139799, 13.291667, 0.000010, 0.002576, ZIP, 2622, 16, 163.915302, 4.562500, 0.000005, 0.000050, 
trial0001531, AA, 9204, 24, 383.534950, 15.041667, 0.000009, 0.001227, ZIP, 1396, 16, 87.260074, 4.437500, 0.000005, 0.000049, 
trial0001532, AA, 6841, 24, 285.055536, 13.750000, 0.000010, 0.002069, ZIP, 2142, 16, 133.916696, 4.625000, 0.000005, 0.000053, 
trial0001533, AA, 6501, 24, 270.875866, 14.625000, 0.000010, 0.001553, ZIP, 2108, 16, 131.811201, 3.937500, 0.000005, 0.000052, 
trial0001534, AA, 6481, 24, 270.046033, 10.750000, 0.000010, 0.001052, ZIP, 1973, 16, 123.368451, 5.250000, 0.000005, 0.000055, 
trial0001535, AA, 8666, 24, 361.093836, 14.000000, 0.000010, 0.001071, ZIP, 1074, 16, 67.171746, 3.500000, 0.000005, 0.000049, 
trial0001536, AA, 6253, 24, 260.575359, 11.375000, 0.000012, 0.002460, ZIP, 2554, 16, 159.636962, 5.687500, 0.000005, 0.000066, 
trial0001537, AA, 8916, 24, 371.536161, 14.416667, 0.000025, 0.001366, ZIP, 1077, 16, 67.320758, 3.875000, 0.000007, 0.000073, 
trial0001538, AA, 8679, 24, 361.654472, 13.208333, 0.000019, 0.002019, ZIP, 1475, 16, 92.205793, 5.062500, 0.000010, 0.000115, 
trial0001539, AA, 10079, 24, 419.986516, 17.166667, 0.000046, 0.005931, ZIP, 791, 16, 49.457727, 3.125000, 0.000053, 0.000253, 
trial0001540, AA, 5476, 24, 228.175155, 12.375000, 0.000153, 0.009433, ZIP, 2903, 16, 181.487267, 5.437500, 0.000067, 0.000548, 
trial0001541, AA, 7532, 24, 313.870221, 13.541667, 0.000070, 0.013680, ZIP, 1873, 16, 117.069669, 5.437500, 0.000060, 0.000489, 
trial0001542, AA, 5666, 24, 236.116299, 13.791667, 0.000062, 0.010676, ZIP, 2720, 16, 170.013051, 4.187500, 0.000059, 0.000492, 
trial0001543, AA, 8244, 24, 343.536047, 14.666667, 0.000056, 0.015703, ZIP, 2008, 16, 125.508429, 6.125000, 0.000043, 0.000676, 
trial0001544, AA, 5841, 24, 243.389970, 12.666667, 0.000107, 0.009602, ZIP, 2590, 16, 161.915045, 5.000000, 0.000038, 0.000588, 
trial0001545, AA, 6452, 24, 268.843964, 12.333333, 0.000044, 0.021825, ZIP, 2091, 16, 130.734054, 4.875000, 0.000032, 0.000511, 
trial0001546, AA, 4992, 24, 208.009375, 13.083333, 0.000094, 0.028074, ZIP, 2844, 16, 177.798438, 4.625000, 0.000065, 0.000538, 
trial0001547, AA, 5187, 24, 216.141671, 10.875000, 0.000073, 0.020517, ZIP, 2948, 16, 184.287493, 5.937500, 0.000052, 0.000619, 
trial0001548, AA, 7598, 24, 316.594899, 13.500000, 0.000111, 0.012685, ZIP, 2251, 16, 140.732652, 5.250000, 0.000052, 0.000585, 
trial0001549, AA, 4905, 24, 204.402873, 12.125000, 0.000083, 0.017194, ZIP, 2469, 16, 154.333191, 3.937500, 0.000063, 0.000566, 
trial0001550, AA, 7030, 24, 292.947865, 13.500000, 0.000210, 0.018941, ZIP, 2067, 16, 129.203202, 4.625000, 0.000045, 0.000566, 
trial0001551, AA, 6415, 24, 267.306493, 13.000000, 0.000063, 0.017675, ZIP, 2300, 16, 143.790260, 5.125000, 0.000041, 0.000539, 
trial0001552, AA, 5131, 24, 213.811895, 12.333333, 0.000111, 0.016616, ZIP, 2671, 16, 166.969658, 4.500000, 0.000040, 0.000562, 
trial0001553, AA, 7503, 24, 312.654653, 14.375000, 0.000564, 0.013866, ZIP, 1536, 16, 96.018020, 3.812500, 0.000044, 0.000547, 
trial0001554, AA, 7840, 24, 326.705555, 13.583333, 0.000047, 0.026041, ZIP, 1837, 16, 114.816667, 5.125000, 0.000074, 0.000483, 
trial0001555, AA, 2811, 24, 117.142336, 11.208333, 0.000079, 0.014617, ZIP, 3682, 16, 230.161496, 5.062500, 0.000046, 0.000508, 
trial0001556, AA, 5552, 24, 231.336813, 10.916667, 0.000046, 0.027520, ZIP, 1923, 16, 120.244780, 3.625000, 0.000048, 0.000497, 
trial0001557, AA, 4937, 24, 205.747176, 13.250000, 0.000144, 0.013526, ZIP, 2924, 16, 182.754236, 4.625000, 0.000065, 0.000531, 
trial0001558, AA, 7886, 24, 328.620868, 14.916667, 0.000063, 0.011140, ZIP, 2068, 16, 129.256197, 5.000000, 0.000058, 0.000557, 
trial0001559, AA, 6767, 24, 281.986373, 12.291667, 0.000089, 0.010124, ZIP, 1891, 16, 118.207940, 3.812500, 0.000062, 0.000501, 
trial0001560, AA, 6882, 24, 286.782730, 12.708333, 0.000150, 0.021661, ZIP, 2059, 16, 128.700905, 4.687500, 0.000045, 0.000508, 
trial0001561, AA, 6822, 24, 284.280387, 13.625000, 0.000034, 0.012461, ZIP, 2071, 16, 129.454419, 4.062500, 0.000051, 0.000450, 
trial0001562, AA, 6991, 24, 291.322360, 13.583333, 0.000090, 0.010625, ZIP, 2160, 16, 135.016460, 4.000000, 0.000058, 0.000538, 
trial0001563, AA, 5555, 24, 231.477694, 12.375000, 0.000149, 0.026255, ZIP, 2600, 16, 162.533459, 4.812500, 0.000042, 0.000508, 
trial0001564, AA, 6181, 24, 257.558434, 13.250000, 0.000163, 0.010165, ZIP, 2219, 16, 138.724849, 4.375000, 0.000043, 0.000530, 
trial0001565, AA, 4346, 24, 181.102530, 9.375000, 0.000179, 0.009160, ZIP, 2563, 16, 160.221204, 4.562500, 0.000044, 0.000534, 
trial0001566, AA, 6207, 24, 258.662021, 14.708333, 0.000047, 0.004498, ZIP, 2604, 16, 162.756969, 3.937500, 0.000029, 0.000538, 
trial0001567, AA, 7322, 24, 305.087348, 13.541667, 0.000992, 0.013470, ZIP, 2020, 16, 126.306478, 5.062500, 0.000079, 0.000515, 
trial0001568, AA, 3217, 24, 134.080494, 10.208333, 0.000108, 0.011911, ZIP, 3510, 16, 219.379259, 5.312500, 0.000049, 0.000585, 
trial0001569, AA, 7328, 24, 305.354788, 12.083333, 0.000051, 0.018142, ZIP, 1661, 16, 103.842818, 4.125000, 0.000041, 0.000478, 
trial0001570, AA, 7232, 24, 301.334653, 13.708333, 0.000069, 0.011048, ZIP, 2082, 16, 130.185521, 4.812500, 0.000055, 0.000567, 
trial0001571, AA, 6595, 24, 274.825905, 12.708333, 0.000033, 0.017036, ZIP, 2803, 16, 175.198643, 6.187500, 0.000041, 0.000771, 
trial0001572, AA, 4662, 24, 194.266802, 12.333333, 0.000107, 0.015617, ZIP, 2741, 16, 171.349797, 4.250000, 0.000046, 0.000592, 
trial0001573, AA, 5745, 24, 239.391735, 12.458333, 0.000364, 0.013512, ZIP, 2865, 16, 179.099898, 5.437500, 0.000069, 0.000567, 
trial0001574, AA, 7107, 24, 296.139871, 15.458333, 0.000197, 0.015396, ZIP, 1828, 16, 114.290193, 3.437500, 0.000026, 0.000455, 
trial0001575, AA, 6739, 24, 280.796773, 12.333333, 0.000121, 0.012773, ZIP, 1900, 16, 118.804841, 4.875000, 0.000046, 0.000545, 
trial0001576, AA, 4967, 24, 206.959448, 12.375000, 0.000056, 0.016806, ZIP, 2741, 16, 171.373328, 4.812500, 0.000053, 0.000618, 
trial0001577, AA, 5806, 24, 241.956700, 12.541667, 0.000071, 0.006411, ZIP, 2593, 16, 162.064950, 4.687500, 0.000045, 0.000502, 
trial0001578, AA, 5977, 24, 249.073908, 13.083333, 0.000063, 0.011461, ZIP, 2331, 16, 145.701638, 5.000000, 0.000044, 0.000589, 
trial0001579, AA, 5075, 24, 211.484670, 12.041667, 0.000050, 0.010672, ZIP, 3092, 16, 193.272995, 5.437500, 0.000037, 0.000516, 
trial0001580, AA, 7020, 24, 292.539269, 14.583333, 0.000092, 0.016486, ZIP, 2394, 16, 149.628597, 4.750000, 0.000026, 0.000621, 
trial0001581, AA, 6438, 24, 268.281900, 11.041667, 0.000108, 0.020316, ZIP, 1960, 16, 122.514650, 4.312500, 0.000048, 0.000525, 
trial0001582, AA, 5681, 24, 236.708457, 11.958333, 0.000034, 0.022358, ZIP, 1608, 16, 100.562315, 2.937500, 0.000037, 0.000534, 
trial0001583, AA, 5593, 24, 233.077861, 11.166667, 0.000035, 0.017500, ZIP, 2418, 16, 151.133208, 5.375000, 0.000021, 0.000679, 
trial0001584, AA, 7895, 24, 328.998203, 16.125000, 0.000173, 0.009598, ZIP, 1644, 16, 102.752696, 2.812500, 0.000037, 0.000543, 
trial0001585, AA, 6662, 24, 277.607414, 13.958333, 0.000173, 0.015276, ZIP, 2297, 16, 143.588878, 4.437500, 0.000059, 0.000520, 
trial0001586, AA, 7900, 24, 329.195778, 13.750000, 0.000110, 0.007529, ZIP, 1661, 16, 103.831332, 4.125000, 0.000047, 0.000603, 
trial0001587, AA, 8682, 24, 361.787206, 14.500000, 0.000109, 0.011155, ZIP, 1856, 16, 116.006691, 5.125000, 0.000040, 0.000547, 
trial0001588, AA, 7535, 24, 313.959555, 13.791667, 0.000021, 0.008123, ZIP, 1881, 16, 117.623168, 4.562500, 0.000046, 0.000165, 
trial0001589, AA, 4813, 24, 200.558045, 11.291667, 0.000010, 0.001033, ZIP, 3246, 16, 202.912933, 5.437500, 0.000005, 0.000053, 
trial0001590, AA, 8421, 24, 350.914755, 13.416667, 0.000009, 0.000718, ZIP, 1594, 16, 99.627867, 4.750000, 0.000005, 0.000053, 
trial0001591, AA, 5638, 24, 234.950708, 13.291667, 0.000032, 0.001972, ZIP, 2658, 16, 166.136438, 4.312500, 0.000006, 0.000073, 
trial0001592, AA, 6653, 24, 277.249922, 13.375000, 0.000016, 0.001569, ZIP, 2496, 16, 156.000117, 5.562500, 0.000006, 0.000079, 
trial0001593, AA, 6764, 24, 281.862133, 11.333333, 0.000031, 0.002115, ZIP, 2137, 16, 133.581800, 5.750000, 0.000008, 0.000096, 
trial0001594, AA, 7592, 24, 316.352383, 13.583333, 0.000048, 0.004233, ZIP, 2218, 16, 138.658926, 5.375000, 0.000051, 0.000341, 
trial0001595, AA, 8295, 24, 345.652200, 14.583333, 0.000163, 0.005286, ZIP, 1912, 16, 119.521700, 5.250000, 0.000053, 0.000573, 
trial0001596, AA, 6351, 24, 264.631309, 12.375000, 0.000065, 0.023326, ZIP, 2279, 16, 142.490536, 4.812500, 0.000078, 0.000570, 
trial0001597, AA, 6213, 24, 258.895192, 12.541667, 0.000049, 0.017056, ZIP, 2554, 16, 159.657212, 5.062500, 0.000057, 0.000600, 
trial0001598, AA, 5353, 24, 223.082662, 12.250000, 0.000059, 0.009953, ZIP, 3190, 16, 199.376007, 6.250000, 0.000027, 0.000713, 
trial0001599, AA, 4931, 24, 205.472605, 11.375000, 0.000049, 0.014915, ZIP, 3035, 16, 189.728593, 5.812500, 0.000051, 0.000546, 
trial0001600, AA, 7608, 24, 317.008036, 13.208333, 0.000116, 0.009643, ZIP, 1604, 16, 100.300447, 4.187500, 0.000025, 0.000592, 
trial0001601, AA, 9372, 24, 390.505587, 12.333333, 0.000024, 0.012217, ZIP, 2995, 16, 187.241620, 8.125000, 0.000044, 0.000546, 
trial0001602, AA, 8235, 24, 343.149164, 13.458333, 0.000124, 0.023044, ZIP, 3430, 16, 214.401254, 6.312500, 0.000064, 0.000436, 
trial0001603, AA, 7549, 24, 314.549960, 12.750000, 0.000244, 0.010255, ZIP, 4606, 16, 287.925059, 8.125000, 0.000053, 0.000522, 
trial0001604, AA, 8171, 24, 340.464949, 12.250000, 0.000059, 0.015689, ZIP, 3510, 16, 219.427577, 8.250000, 0.000040, 0.000550, 
trial0001605, AA, 9522, 24, 396.759411, 13.083333, 0.000131, 0.033680, ZIP, 2996, 16, 187.298383, 7.500000, 0.000037, 0.000436, 
trial0001606, AA, 7065, 24, 294.399673, 12.208333, 0.000193, 0.020341, ZIP, 3821, 16, 238.837990, 7.562500, 0.000069, 0.000441, 
trial0001607, AA, 7804, 24, 325.199402, 12.500000, 0.000127, 0.024088, ZIP, 4369, 16, 273.075897, 8.000000, 0.000034, 0.000508, 
trial0001608, AA, 8612, 24, 358.861450, 12.291667, 0.000205, 0.023570, ZIP, 3988, 16, 249.270325, 8.562500, 0.000057, 0.000603, 
trial0001609, AA, 9251, 24, 385.460611, 12.000000, 0.000012, 0.016743, ZIP, 3469, 16, 216.871584, 9.250000, 0.000024, 0.000499, 
trial0001610, AA, 8469, 24, 352.889861, 13.166667, 0.000063, 0.022674, ZIP, 4143, 16, 258.977709, 7.875000, 0.000045, 0.000561, 
trial0001611, AA, 7785, 24, 324.401095, 13.666667, 0.000089, 0.017374, ZIP, 4653, 16, 290.835857, 7.250000, 0.000060, 0.000697, 
trial0001612, AA, 5707, 24, 237.814691, 12.083333, 0.000052, 0.016834, ZIP, 4867, 16, 304.215464, 6.750000, 0.000039, 0.000583, 
trial0001613, AA, 8723, 24, 363.481031, 12.500000, 0.000075, 0.020360, ZIP, 3602, 16, 225.153453, 7.875000, 0.000052, 0.000443, 
trial0001614, AA, 9131, 24, 380.470962, 12.916667, 0.000030, 0.022341, ZIP, 3229, 16, 201.856057, 7.000000, 0.000027, 0.000511, 
trial0001615, AA, 8111, 24, 337.987619, 11.916667, 0.000088, 0.030370, ZIP, 3789, 16, 236.831071, 8.750000, 0.000066, 0.000662, 
trial0001616, AA, 7585, 24, 316.080882, 12.791667, 0.000072, 0.013361, ZIP, 4568, 16, 285.503677, 8.187500, 0.000071, 0.000479, 
trial0001617, AA, 8019, 24, 334.157098, 12.875000, 0.000011, 0.018479, ZIP, 3637, 16, 227.326853, 7.062500, 0.000023, 0.000523, 
trial0001618, AA, 8366, 24, 348.605605, 11.708333, 0.000182, 0.023601, ZIP, 3228, 16, 201.779092, 8.187500, 0.000056, 0.000678, 
trial0001619, AA, 8376, 24, 349.003170, 11.125000, 0.000036, 0.015022, ZIP, 3615, 16, 225.995245, 8.312500, 0.000074, 0.000581, 
trial0001620, AA, 5518, 24, 229.954275, 11.458333, 0.000084, 0.020336, ZIP, 5597, 16, 349.818588, 8.437500, 0.000019, 0.000599, 
trial0001621, AA, 6751, 24, 281.313961, 13.416667, 0.000132, 0.013394, ZIP, 3944, 16, 246.529059, 6.250000, 0.000067, 0.000463, 
trial0001622, AA, 8089, 24, 337.070156, 14.208333, 0.000223, 0.012346, ZIP, 4699, 16, 293.707266, 7.562500, 0.000022, 0.000548, 
trial0001623, AA, 11968, 24, 498.687266, 14.708333, 0.000230, 0.015014, ZIP, 1496, 16, 93.531601, 6.812500, 0.000047, 0.000589, 
trial0001624, AA, 6303, 24, 262.634221, 12.125000, 0.000039, 0.012621, ZIP, 4200, 16, 262.548668, 7.187500, 0.000046, 0.000557, 
trial0001625, AA, 9838, 24, 409.922050, 14.000000, 0.000126, 0.018664, ZIP, 2496, 16, 156.054425, 6.125000, 0.000025, 0.000588, 
trial0001626, AA, 7156, 24, 298.187110, 13.041667, 0.000067, 0.018718, ZIP, 5046, 16, 315.406834, 8.062500, 0.000041, 0.000583, 
trial0001627, AA, 8321, 24, 346.734676, 13.000000, 0.000072, 0.015051, ZIP, 4140, 16, 258.772986, 7.875000, 0.000037, 0.000864, 
trial0001628, AA, 10590, 24, 441.257154, 13.791667, 0.000065, 0.011713, ZIP, 2258, 16, 141.176769, 7.062500, 0.000068, 0.000644, 
trial0001629, AA, 8575, 24, 357.306518, 12.208333, 0.000054, 0.015143, ZIP, 3645, 16, 227.852722, 8.687500, 0.000062, 0.000675, 
trial0001630, AA, 9656, 24, 402.369037, 14.916667, 0.000101, 0.017970, ZIP, 2662, 16, 166.383945, 5.625000, 0.000056, 0.000427, 
trial0001631, AA, 9218, 24, 384.095235, 13.375000, 0.000257, 0.011490, ZIP, 3066, 16, 191.669647, 6.812500, 0.000066, 0.000558, 
trial0001632, AA, 8900, 24, 370.852748, 13.458333, 0.000072, 0.009551, ZIP, 3556, 16, 222.283379, 7.562500, 0.000079, 0.000530, 
trial0001633, AA, 8752, 24, 364.666784, 13.833333, 0.000124, 0.023564, ZIP, 3483, 16, 217.749824, 7.125000, 0.000047, 0.000557, 
trial0001634, AA, 6877, 24, 286.550705, 10.708333, 0.000267, 0.010790, ZIP, 4380, 16, 273.798943, 8.437500, 0.000048, 0.000626, 
trial0001635, AA, 7815, 24, 325.633057, 12.041667, 0.000147, 0.012374, ZIP, 4570, 16, 285.675414, 8.937500, 0.000068, 0.000627, 
trial0001636, AA, 8527, 24, 355.321263, 12.333333, 0.000011, 0.014821, ZIP, 3787, 16, 236.705606, 8.625000, 0.000064, 0.000726, 
trial0001637, AA, 8293, 24, 345.549703, 12.916667, 0.000392, 0.020287, ZIP, 3935, 16, 245.987945, 8.000000, 0.000049, 0.000416, 
trial0001638, AA, 6265, 24, 261.046143, 10.791667, 0.000066, 0.009857, ZIP, 4740, 16, 296.305785, 8.562500, 0.000061, 0.000463, 
trial0001639, AA, 10728, 24, 447.007684, 13.583333, 0.000068, 0.017025, ZIP, 2415, 16, 150.988475, 7.750000, 0.000058, 0.000619, 
trial0001640, AA, 5720, 24, 238.348710, 10.833333, 0.000113, 0.025743, ZIP, 4792, 16, 299.539435, 8.375000, 0.000059, 0.000486, 
trial0001641, AA, 7883, 24, 328.488702, 13.166667, 0.000070, 0.015352, ZIP, 3923, 16, 245.204448, 7.375000, 0.000043, 0.000588, 
trial0001642, AA, 10492, 24, 437.184535, 13.958333, 0.000191, 0.011481, ZIP, 2339, 16, 146.223198, 7.437500, 0.000052, 0.000581, 
trial0001643, AA, 8066, 24, 336.087661, 11.166667, 0.000063, 0.021856, ZIP, 3632, 16, 227.056008, 8.625000, 0.000086, 0.000466, 
trial0001644, AA, 10513, 24, 438.067991, 14.708333, 0.000192, 0.012332, ZIP, 2544, 16, 159.023013, 6.562500, 0.000056, 0.000619, 
trial0001645, AA, 6126, 24, 255.257414, 10.041667, 0.000141, 0.022154, ZIP, 4970, 16, 310.676379, 9.562500, 0.000071, 0.000460, 
trial0001646, AA, 7448, 24, 310.357749, 12.708333, 0.000071, 0.028252, ZIP, 3831, 16, 239.463377, 7.437500, 0.000075, 0.000477, 
trial0001647, AA, 7863, 24, 327.629686, 12.416667, 0.000106, 0.010161, ZIP, 3847, 16, 240.492971, 8.000000, 0.000023, 0.000577, 
trial0001648, AA, 8916, 24, 371.503604, 14.625000, 0.000091, 0.010067, ZIP, 2921, 16, 182.619594, 5.687500, 0.000044, 0.000578, 
trial0001649, AA, 10247, 24, 426.977413, 13.666667, 0.000073, 0.014458, ZIP, 2802, 16, 175.158880, 7.375000, 0.000036, 0.000798, 
trial0001650, AA, 9964, 24, 415.195138, 13.916667, 0.000678, 0.021911, ZIP, 2820, 16, 176.269792, 7.500000, 0.000102, 0.000634, 
trial0001651, AA, 9396, 24, 391.521938, 11.708333, 0.000011, 0.015974, ZIP, 2866, 16, 179.154593, 7.687500, 0.000051, 0.000501, 
trial0001652, AA, 11221, 24, 467.567255, 13.208333, 0.000477, 0.031817, ZIP, 1842, 16, 115.149117, 7.062500, 0.000091, 0.000650, 
trial0001653, AA, 8837, 24, 368.226791, 12.458333, 0.000075, 0.020554, ZIP, 3714, 16, 232.159813, 8.187500, 0.000066, 0.000684, 
trial0001654, AA, 10038, 24, 418.250608, 13.625000, 0.000054, 0.012162, ZIP, 2726, 16, 170.436589, 7.562500, 0.000020, 0.000349, 
trial0001655, AA, 8170, 24, 340.453635, 13.000000, 0.000010, 0.001630, ZIP, 4001, 16, 250.069548, 7.750000, 0.000005, 0.000052, 
trial0001656, AA, 5250, 24, 218.759010, 10.666667, 0.000010, 0.001735, ZIP, 5125, 16, 320.361485, 9.125000, 0.000005, 0.000051, 
trial0001657, AA, 7228, 24, 301.205000, 12.333333, 0.000010, 0.001759, ZIP, 4692, 16, 293.255001, 8.500000, 0.000005, 0.000060, 
trial0001658, AA, 7558, 24, 314.935116, 12.083333, 0.000010, 0.002754, ZIP, 3784, 16, 236.534826, 8.000000, 0.000006, 0.000070, 
trial0001659, AA, 7894, 24, 328.947139, 12.291667, 0.000011, 0.001560, ZIP, 3845, 16, 240.329292, 7.937500, 0.000005, 0.000072, 
trial0001660, AA, 6857, 24, 285.709876, 10.166667, 0.000009, 0.001631, ZIP, 4908, 16, 306.810185, 10.625000, 0.000007, 0.000071, 
trial0001661, AA, 5927, 24, 246.993380, 10.000000, 0.000010, 0.003420, ZIP, 4815, 16, 300.947430, 9.000000, 0.000007, 0.000099, 
