trial0011001, 000600, AA, 854, 12, 71.166667, GDX, 1425, 10, 142.500000, ZIC, 505, 10, 50.500000, 140, 152, 
trial0011002, 000600, AA, 1263, 12, 105.250000, GDX, 1341, 10, 134.100000, ZIC, 540, 10, 54.000000, 156, 162, 
trial0011003, 000600, AA, 2093, 12, 174.416667, GDX, 979, 10, 97.900000, ZIC, 858, 10, 85.800000, 133, 137, 
trial0011004, 000600, AA, 480, 12, 40.000000, GDX, 1108, 10, 110.800000, ZIC, 873, 10, 87.300000, 158, 173, 
trial0011005, 000600, AA, 1758, 12, 146.500000, GDX, 843, 10, 84.300000, ZIC, 667, 10, 66.700000, 142, 144, 
trial0011006, 000600, AA, 1617, 12, 134.750000, GDX, 770, 10, 77.000000, ZIC, 830, 10, 83.000000, 134, 139, 
trial0011007, 000600, AA, 2171, 12, 180.916667, GDX, 345, 10, 34.500000, ZIC, 403, 10, 40.300000, 134, 137, 
trial0011008, 000600, AA, 2322, 12, 193.500000, GDX, 824, 10, 82.400000, ZIC, 183, 10, 18.300000, 146, 153, 
trial0011009, 000600, AA, 1026, 12, 85.500000, GDX, 1151, 10, 115.100000, ZIC, 319, 10, 31.900000, 106, 160, 
trial0011010, 000600, AA, 358, 12, 29.833333, GDX, 1416, 10, 141.600000, ZIC, 510, 10, 51.000000, 144, 157, 
trial0011011, 000600, AA, 924, 12, 77.000000, GDX, 419, 10, 41.900000, ZIC, 876, 10, 87.600000, 125, 202, 
trial0011012, 000600, AA, 853, 12, 71.083333, GDX, 2101, 10, 210.100000, ZIC, 800, 10, 80.000000, 158, 197, 
trial0011013, 000600, AA, 1431, 12, 119.250000, GDX, 494, 10, 49.400000, ZIC, 698, 10, 69.800000, 153, 154, 
trial0011014, 000600, AA, 1955, 12, 162.916667, GDX, 787, 10, 78.700000, ZIC, 416, 10, 41.600000, 148, 150, 
trial0011015, 000600, AA, 1748, 12, 145.666667, GDX, 501, 10, 50.100000, ZIC, 822, 10, 82.200000, 107, 136, 
trial0011016, 000600, AA, 934, 12, 77.833333, GDX, 1291, 10, 129.100000, ZIC, 511, 10, 51.100000, 142, 153, 
trial0011017, 000600, AA, 839, 12, 69.916667, GDX, 1037, 10, 103.700000, ZIC, 1370, 10, 137.000000, 127, 151, 
trial0011018, 000600, AA, 1758, 12, 146.500000, GDX, 945, 10, 94.500000, ZIC, 181, 10, 18.100000, 143, 151, 
trial0011019, 000600, AA, 1237, 12, 103.083333, GDX, 1537, 10, 153.700000, ZIC, 705, 10, 70.500000, 82, 131, 
trial0011020, 000600, AA, 1934, 12, 161.166667, GDX, 419, 10, 41.900000, ZIC, 914, 10, 91.400000, 161, 200, 
trial0011021, 000600, AA, 1338, 12, 111.500000, GDX, 1181, 10, 118.100000, ZIC, 371, 10, 37.100000, 112, 113, 
trial0011022, 000600, AA, 1288, 12, 107.333333, GDX, 993, 10, 99.300000, ZIC, 837, 10, 83.700000, 103, 115, 
trial0011023, 000600, AA, 970, 12, 80.833333, GDX, 1582, 10, 158.200000, ZIC, 466, 10, 46.600000, 96, 117, 
trial0011024, 000600, AA, 1782, 12, 148.500000, GDX, 969, 10, 96.900000, ZIC, 542, 10, 54.200000, 73, 100, 
trial0011025, 000600, AA, 1133, 12, 94.416667, GDX, 1149, 10, 114.900000, ZIC, 842, 10, 84.200000, 108, 112, 
trial0011026, 000600, AA, 1951, 12, 162.583333, GDX, 413, 10, 41.300000, ZIC, 520, 10, 52.000000, 92, 93, 
trial0011027, 000600, AA, 1076, 12, 89.666667, GDX, 1356, 10, 135.600000, ZIC, 989, 10, 98.900000, 94, 102, 
trial0011028, 000600, AA, 858, 12, 71.500000, GDX, 2108, 10, 210.800000, ZIC, 377, 10, 37.700000, 127, 128, 
trial0011029, 000600, AA, 1482, 12, 123.500000, GDX, 549, 10, 54.900000, ZIC, 800, 10, 80.000000, 114, 131, 
trial0011030, 000600, AA, 1091, 12, 90.916667, GDX, 1895, 10, 189.500000, ZIC, 719, 10, 71.900000, 125, 184, 
trial0011031, 000600, AA, 1359, 12, 113.250000, GDX, 975, 10, 97.500000, ZIC, 601, 10, 60.100000, 54, 100, 
trial0011032, 000600, AA, 1280, 12, 106.666667, GDX, 475, 10, 47.500000, ZIC, 463, 10, 46.300000, 111, 114, 
trial0011033, 000600, AA, 1567, 12, 130.583333, GDX, 1050, 10, 105.000000, ZIC, 66, 10, 6.600000, 73, 134, 
trial0011034, 000600, AA, 2007, 12, 167.250000, GDX, 840, 10, 84.000000, ZIC, 421, 10, 42.100000, 132, 138, 
trial0011035, 000600, AA, 1676, 12, 139.666667, GDX, 1150, 10, 115.000000, ZIC, 686, 10, 68.600000, 97, 124, 
trial0011036, 000600, AA, 1337, 12, 111.416667, GDX, 1031, 10, 103.100000, ZIC, 1059, 10, 105.900000, 103, 149, 
trial0011037, 000600, AA, 921, 12, 76.750000, GDX, 560, 10, 56.000000, ZIC, 1252, 10, 125.200000, 103, 121, 
trial0011038, 000600, AA, 1470, 12, 122.500000, GDX, 1161, 10, 116.100000, ZIC, 578, 10, 57.800000, 102, 173, 
trial0011039, 000600, AA, 1378, 12, 114.833333, GDX, 1376, 10, 137.600000, ZIC, 493, 10, 49.300000, 98, 102, 
trial0011040, 000600, AA, 1036, 12, 86.333333, GDX, 1106, 10, 110.600000, ZIC, 502, 10, 50.200000, 92, 120, 
trial0011041, 000600, AA, 1692, 12, 141.000000, GDX, 960, 10, 96.000000, ZIC, 144, 10, 14.400000, 100, 113, 
trial0011042, 000600, AA, 1211, 12, 100.916667, GDX, 511, 10, 51.100000, ZIC, 1106, 10, 110.600000, 108, 112, 
trial0011043, 000600, AA, 1164, 12, 97.000000, GDX, 518, 10, 51.800000, ZIC, 784, 10, 78.400000, 116, 118, 
trial0011044, 000600, AA, 650, 12, 54.166667, GDX, 1045, 10, 104.500000, ZIC, 123, 10, 12.300000, 140, 154, 
trial0011045, 000600, AA, 1059, 12, 88.250000, GDX, 751, 10, 75.100000, ZIC, 494, 10, 49.400000, 116, 124, 
trial0011046, 000600, AA, 1253, 12, 104.416667, GDX, 672, 10, 67.200000, ZIC, 294, 10, 29.400000, 116, 118, 
trial0011047, 000600, AA, 1700, 12, 141.666667, GDX, 108, 10, 10.800000, ZIC, 559, 10, 55.900000, 121, 158, 
trial0011048, 000600, AA, 1151, 12, 95.916667, GDX, 842, 10, 84.200000, ZIC, 127, 10, 12.700000, 136, 137, 
trial0011049, 000600, AA, 584, 12, 48.666667, GDX, 915, 10, 91.500000, ZIC, 361, 10, 36.100000, 65, 115, 
trial0011050, 000600, AA, 1014, 12, 84.500000, GDX, 1180, 10, 118.000000, ZIC, 398, 10, 39.800000, 101, 115, 
trial0011051, 000600, AA, 1161, 12, 96.750000, GDX, 731, 10, 73.100000, ZIC, 863, 10, 86.300000, 98, 129, 
trial0011052, 000600, AA, 1521, 12, 126.750000, GDX, 855, 10, 85.500000, ZIC, 268, 10, 26.800000, 100, 105, 
trial0011053, 000600, AA, 1525, 12, 127.083333, GDX, 471, 10, 47.100000, ZIC, 115, 10, 11.500000, 86, 119, 
trial0011054, 000600, AA, 889, 12, 74.083333, GDX, 1129, 10, 112.900000, ZIC, 263, 10, 26.300000, 142, 185, 
trial0011055, 000600, AA, 537, 12, 44.750000, GDX, 482, 10, 48.200000, ZIC, 427, 10, 42.700000, 136, 141, 
trial0011056, 000600, AA, 1475, 12, 122.916667, GDX, 1238, 10, 123.800000, ZIC, 288, 10, 28.800000, 93, 128, 
trial0011057, 000600, AA, 1098, 12, 91.500000, GDX, 905, 10, 90.500000, ZIC, 508, 10, 50.800000, 74, 91, 
trial0011058, 000600, AA, 1673, 12, 139.416667, GDX, 108, 10, 10.800000, ZIC, 562, 10, 56.200000, 106, 116, 
trial0011059, 000600, AA, 1110, 12, 92.500000, GDX, 652, 10, 65.200000, ZIC, 586, 10, 58.600000, 122, 127, 
trial0011060, 000600, AA, 1066, 12, 88.833333, GDX, 1170, 10, 117.000000, ZIC, 660, 10, 66.000000, 112, 117, 
trial0011061, 000600, AA, 1317, 12, 109.750000, GDX, 492, 10, 49.200000, ZIC, 535, 10, 53.500000, 107, 109, 
trial0011062, 000600, AA, 675, 12, 56.250000, GDX, 849, 10, 84.900000, ZIC, 254, 10, 25.400000, 117, 123, 
trial0011063, 000600, AA, 554, 12, 46.166667, GDX, 911, 10, 91.100000, ZIC, 412, 10, 41.200000, 106, 112, 
trial0011064, 000600, AA, 1490, 12, 124.166667, GDX, 661, 10, 66.100000, ZIC, 148, 10, 14.800000, 58, 96, 
trial0011065, 000600, AA, 636, 12, 53.000000, GDX, 623, 10, 62.300000, ZIC, 575, 10, 57.500000, 142, 146, 
trial0011066, 000600, AA, 1147, 12, 95.583333, GDX, 502, 10, 50.200000, ZIC, 832, 10, 83.200000, 120, 144, 
trial0011067, 000600, AA, 889, 12, 74.083333, GDX, 725, 10, 72.500000, ZIC, 295, 10, 29.500000, 116, 123, 
trial0011068, 000600, AA, 844, 12, 70.333333, GDX, 389, 10, 38.900000, ZIC, 307, 10, 30.700000, 95, 121, 
trial0011069, 000600, AA, 735, 12, 61.250000, GDX, 791, 10, 79.100000, ZIC, 324, 10, 32.400000, 126, 154, 
trial0011070, 000600, AA, 410, 12, 34.166667, GDX, 556, 10, 55.600000, ZIC, 378, 10, 37.800000, 80, 90, 
trial0011071, 000600, AA, 796, 12, 66.333333, GDX, 475, 10, 47.500000, ZIC, 1173, 10, 117.300000, 113, 128, 
trial0011072, 000600, AA, 924, 12, 77.000000, GDX, 501, 10, 50.100000, ZIC, 485, 10, 48.500000, 105, 114, 
trial0011073, 000600, AA, 805, 12, 67.083333, GDX, 789, 10, 78.900000, ZIC, 154, 10, 15.400000, 134, 146, 
trial0011074, 000600, AA, 594, 12, 49.500000, GDX, 1188, 10, 118.800000, ZIC, 373, 10, 37.300000, 74, 89, 
trial0011075, 000600, AA, 808, 12, 67.333333, GDX, 652, 10, 65.200000, ZIC, 204, 10, 20.400000, 116, 117, 
trial0011076, 000600, AA, 836, 12, 69.666667, GDX, 818, 10, 81.800000, ZIC, 264, 10, 26.400000, 84, 91, 
trial0011077, 000600, AA, 754, 12, 62.833333, GDX, 954, 10, 95.400000, ZIC, 453, 10, 45.300000, 98, 107, 
trial0011078, 000600, AA, 692, 12, 57.666667, GDX, 687, 10, 68.700000, ZIC, 781, 10, 78.100000, 103, 105, 
trial0011079, 000600, AA, 1112, 12, 92.666667, GDX, 643, 10, 64.300000, ZIC, 321, 10, 32.100000, 94, 110, 
trial0011080, 000600, AA, 1065, 12, 88.750000, GDX, 1066, 10, 106.600000, ZIC, 427, 10, 42.700000, 114, 124, 
trial0011081, 000600, AA, 1615, 12, 134.583333, GDX, 992, 10, 99.200000, ZIC, 772, 10, 77.200000, 91, 121, 
trial0011082, 000600, AA, 1030, 12, 85.833333, GDX, 1068, 10, 106.800000, ZIC, 936, 10, 93.600000, 114, 117, 
trial0011083, 000600, AA, 1707, 12, 142.250000, GDX, 1036, 10, 103.600000, ZIC, 625, 10, 62.500000, 86, 106, 
trial0011084, 000600, AA, 1748, 12, 145.666667, GDX, 1722, 10, 172.200000, ZIC, 930, 10, 93.000000, 88, 89, 
trial0011085, 000600, AA, 1091, 12, 90.916667, GDX, 1518, 10, 151.800000, ZIC, 699, 10, 69.900000, 100, 102, 
trial0011086, 000600, AA, 1768, 12, 147.333333, GDX, 1618, 10, 161.800000, ZIC, 430, 10, 43.000000, 98, 109, 
trial0011087, 000600, AA, 1755, 12, 146.250000, GDX, 1062, 10, 106.200000, ZIC, 573, 10, 57.300000, 106, 124, 
trial0011088, 000600, AA, 1875, 12, 156.250000, GDX, 1102, 10, 110.200000, ZIC, 308, 10, 30.800000, 90, 97, 
trial0011089, 000600, AA, 1786, 12, 148.833333, GDX, 899, 10, 89.900000, ZIC, 570, 10, 57.000000, 89, 94, 
trial0011090, 000600, AA, 1263, 12, 105.250000, GDX, 1019, 10, 101.900000, ZIC, 266, 10, 26.600000, 71, 77, 
trial0011091, 000600, AA, 1429, 12, 119.083333, GDX, 1318, 10, 131.800000, ZIC, 1056, 10, 105.600000, 103, 110, 
trial0011092, 000600, AA, 2253, 12, 187.750000, GDX, 1338, 10, 133.800000, ZIC, 349, 10, 34.900000, 75, 79, 
trial0011093, 000600, AA, 1389, 12, 115.750000, GDX, 458, 10, 45.800000, ZIC, 107, 10, 10.700000, 102, 105, 
trial0011094, 000600, AA, 1764, 12, 147.000000, GDX, 1158, 10, 115.800000, ZIC, 1313, 10, 131.300000, 78, 80, 
trial0011095, 000600, AA, 963, 12, 80.250000, GDX, 1209, 10, 120.900000, ZIC, 257, 10, 25.700000, 120, 126, 
trial0011096, 000600, AA, 1887, 12, 157.250000, GDX, 1041, 10, 104.100000, ZIC, 1114, 10, 111.400000, 94, 126, 
trial0011097, 000600, AA, 1125, 12, 93.750000, GDX, 1383, 10, 138.300000, ZIC, 693, 10, 69.300000, 98, 108, 
trial0011098, 000600, AA, 2385, 12, 198.750000, GDX, 1279, 10, 127.900000, ZIC, 673, 10, 67.300000, 72, 89, 
trial0011099, 000600, AA, 368, 12, 30.666667, GDX, 1001, 10, 100.100000, ZIC, 1310, 10, 131.000000, 113, 120, 
trial0011100, 000600, AA, 1022, 12, 85.166667, GDX, 1629, 10, 162.900000, ZIC, 844, 10, 84.400000, 104, 106, 
trial0011101, 000600, AA, 118, 12, 9.833333, GDX, 134, 10, 13.400000, ZIC, 99, 10, 9.900000, 127, 129, 
trial0011102, 000600, AA, 146, 12, 12.166667, GDX, 243, 10, 24.300000, ZIC, 38, 10, 3.800000, 136, 153, 
trial0011103, 000600, AA, 163, 12, 13.583333, GDX, 341, 10, 34.100000, ZIC, 26, 10, 2.600000, 124, 138, 
trial0011104, 000600, AA, 163, 12, 13.583333, GDX, 273, 10, 27.300000, ZIC, 246, 10, 24.600000, 100, 102, 
trial0011105, 000600, AA, 560, 12, 46.666667, GDX, 65, 10, 6.500000, ZIC, 83, 10, 8.300000, 98, 103, 
trial0011106, 000600, AA, 611, 12, 50.916667, GDX, 263, 10, 26.300000, ZIC, 85, 10, 8.500000, 137, 139, 
trial0011107, 000600, AA, 85, 12, 7.083333, GDX, 259, 10, 25.900000, ZIC, 22, 10, 2.200000, 80, 92, 
trial0011108, 000600, AA, 101, 12, 8.416667, GDX, 279, 10, 27.900000, ZIC, 41, 10, 4.100000, 104, 107, 
trial0011109, 000600, AA, 256, 12, 21.333333, GDX, 196, 10, 19.600000, ZIC, 129, 10, 12.900000, 96, 106, 
trial0011110, 000600, AA, 233, 12, 19.416667, GDX, 134, 10, 13.400000, ZIC, 190, 10, 19.000000, 90, 98, 
trial0011111, 000600, AA, 266, 12, 22.166667, GDX, 266, 10, 26.600000, ZIC, 98, 10, 9.800000, 102, 110, 
trial0011112, 000600, AA, 322, 12, 26.833333, GDX, 495, 10, 49.500000, ZIC, 150, 10, 15.000000, 107, 114, 
trial0011113, 000600, AA, 334, 12, 27.833333, GDX, 239, 10, 23.900000, ZIC, 94, 10, 9.400000, 108, 122, 
trial0011114, 000600, AA, 107, 12, 8.916667, GDX, 273, 10, 27.300000, ZIC, 63, 10, 6.300000, 95, 96, 
trial0011115, 000600, AA, 457, 12, 38.083333, GDX, 378, 10, 37.800000, ZIC, 99, 10, 9.900000, 75, 90, 
trial0011116, 000600, AA, 159, 12, 13.250000, GDX, 167, 10, 16.700000, ZIC, 145, 10, 14.500000, 121, 123, 
trial0011117, 000600, AA, 272, 12, 22.666667, GDX, 330, 10, 33.000000, ZIC, 125, 10, 12.500000, 103, 130, 
trial0011118, 000600, AA, 170, 12, 14.166667, GDX, 133, 10, 13.300000, ZIC, 88, 10, 8.800000, 116, 118, 
trial0011119, 000600, AA, 190, 12, 15.833333, GDX, 198, 10, 19.800000, ZIC, 61, 10, 6.100000, 128, 139, 
trial0011120, 000600, AA, 183, 12, 15.250000, GDX, 286, 10, 28.600000, ZIC, 128, 10, 12.800000, 82, 94, 
trial0011121, 000600, AA, 801, 12, 66.750000, GDX, 1121, 10, 112.100000, ZIC, 554, 10, 55.400000, 160, 176, 
trial0011122, 000600, AA, 483, 12, 40.250000, GDX, 696, 10, 69.600000, ZIC, 847, 10, 84.700000, 140, 145, 
trial0011123, 000600, AA, 1396, 12, 116.333333, GDX, 757, 10, 75.700000, ZIC, 149, 10, 14.900000, 144, 148, 
trial0011124, 000600, AA, 398, 12, 33.166667, GDX, 795, 10, 79.500000, ZIC, 388, 10, 38.800000, 47, 135, 
trial0011125, 000600, AA, 1209, 12, 100.750000, GDX, 481, 10, 48.100000, ZIC, 429, 10, 42.900000, 133, 141, 
trial0011126, 000600, AA, 412, 12, 34.333333, GDX, 867, 10, 86.700000, ZIC, 1073, 10, 107.300000, 118, 140, 
trial0011127, 000600, AA, 902, 12, 75.166667, GDX, 1312, 10, 131.200000, ZIC, 423, 10, 42.300000, 129, 136, 
trial0011128, 000600, AA, 1070, 12, 89.166667, GDX, 821, 10, 82.100000, ZIC, 350, 10, 35.000000, 118, 143, 
trial0011129, 000600, AA, 536, 12, 44.666667, GDX, 590, 10, 59.000000, ZIC, 761, 10, 76.100000, 124, 146, 
trial0011130, 000600, AA, 679, 12, 56.583333, GDX, 895, 10, 89.500000, ZIC, 478, 10, 47.800000, 142, 176, 
trial0011131, 000600, AA, 937, 12, 78.083333, GDX, 353, 10, 35.300000, ZIC, 515, 10, 51.500000, 144, 146, 
trial0011132, 000600, AA, 1732, 12, 144.333333, GDX, 1106, 10, 110.600000, ZIC, 239, 10, 23.900000, 109, 126, 
trial0011133, 000600, AA, 982, 12, 81.833333, GDX, 656, 10, 65.600000, ZIC, 402, 10, 40.200000, 141, 176, 
trial0011134, 000600, AA, 613, 12, 51.083333, GDX, 544, 10, 54.400000, ZIC, 864, 10, 86.400000, 168, 173, 
trial0011135, 000600, AA, 924, 12, 77.000000, GDX, 609, 10, 60.900000, ZIC, 1036, 10, 103.600000, 124, 133, 
trial0011136, 000600, AA, 926, 12, 77.166667, GDX, 579, 10, 57.900000, ZIC, 175, 10, 17.500000, 132, 162, 
trial0011137, 000600, AA, 1263, 12, 105.250000, GDX, 1054, 10, 105.400000, ZIC, 440, 10, 44.000000, 130, 142, 
trial0011138, 000600, AA, 635, 12, 52.916667, GDX, 1232, 10, 123.200000, ZIC, 197, 10, 19.700000, 133, 171, 
trial0011139, 000600, AA, 1185, 12, 98.750000, GDX, 592, 10, 59.200000, ZIC, 276, 10, 27.600000, 132, 142, 
trial0011140, 000600, AA, 1605, 12, 133.750000, GDX, 663, 10, 66.300000, ZIC, 205, 10, 20.500000, 124, 135, 
trial0011141, 000600, AA, 1110, 12, 92.500000, GDX, 1179, 10, 117.900000, ZIC, 740, 10, 74.000000, 81, 98, 
trial0011142, 000600, AA, 976, 12, 81.333333, GDX, 807, 10, 80.700000, ZIC, 676, 10, 67.600000, 86, 93, 
trial0011143, 000600, AA, 1402, 12, 116.833333, GDX, 601, 10, 60.100000, ZIC, 531, 10, 53.100000, 102, 104, 
trial0011144, 000600, AA, 1305, 12, 108.750000, GDX, 1239, 10, 123.900000, ZIC, 254, 10, 25.400000, 92, 108, 
trial0011145, 000600, AA, 2052, 12, 171.000000, GDX, 725, 10, 72.500000, ZIC, 496, 10, 49.600000, 76, 87, 
trial0011146, 000600, AA, 994, 12, 82.833333, GDX, 759, 10, 75.900000, ZIC, 704, 10, 70.400000, 76, 82, 
trial0011147, 000600, AA, 958, 12, 79.833333, GDX, 545, 10, 54.500000, ZIC, 772, 10, 77.200000, 98, 106, 
trial0011148, 000600, AA, 1135, 12, 94.583333, GDX, 1067, 10, 106.700000, ZIC, 780, 10, 78.000000, 108, 113, 
trial0011149, 000600, AA, 1473, 12, 122.750000, GDX, 922, 10, 92.200000, ZIC, 270, 10, 27.000000, 77, 83, 
trial0011150, 000600, AA, 1486, 12, 123.833333, GDX, 1090, 10, 109.000000, ZIC, 700, 10, 70.000000, 49, 113, 
trial0011151, 000600, AA, 889, 12, 74.083333, GDX, 839, 10, 83.900000, ZIC, 493, 10, 49.300000, 85, 88, 
trial0011152, 000600, AA, 709, 12, 59.083333, GDX, 697, 10, 69.700000, ZIC, 988, 10, 98.800000, 92, 106, 
trial0011153, 000600, AA, 1170, 12, 97.500000, GDX, 959, 10, 95.900000, ZIC, 720, 10, 72.000000, 89, 104, 
trial0011154, 000600, AA, 1042, 12, 86.833333, GDX, 882, 10, 88.200000, ZIC, 348, 10, 34.800000, 123, 138, 
trial0011155, 000600, AA, 671, 12, 55.916667, GDX, 1113, 10, 111.300000, ZIC, 809, 10, 80.900000, 86, 88, 
trial0011156, 000600, AA, 1233, 12, 102.750000, GDX, 596, 10, 59.600000, ZIC, 798, 10, 79.800000, 85, 91, 
trial0011157, 000600, AA, 1266, 12, 105.500000, GDX, 809, 10, 80.900000, ZIC, 262, 10, 26.200000, 98, 100, 
trial0011158, 000600, AA, 969, 12, 80.750000, GDX, 870, 10, 87.000000, ZIC, 203, 10, 20.300000, 79, 87, 
trial0011159, 000600, AA, 1210, 12, 100.833333, GDX, 1596, 10, 159.600000, ZIC, 308, 10, 30.800000, 90, 96, 
trial0011160, 000600, AA, 1286, 12, 107.166667, GDX, 917, 10, 91.700000, ZIC, 551, 10, 55.100000, 82, 83, 
trial0011161, 000600, AA, 1032, 12, 86.000000, GDX, 484, 10, 48.400000, ZIC, 180, 10, 18.000000, 158, 161, 
trial0011162, 000600, AA, 228, 12, 19.000000, GDX, 1204, 10, 120.400000, ZIC, 176, 10, 17.600000, 113, 129, 
trial0011163, 000600, AA, 364, 12, 30.333333, GDX, 1005, 10, 100.500000, ZIC, 331, 10, 33.100000, 119, 122, 
trial0011164, 000600, AA, 1780, 12, 148.333333, GDX, 389, 10, 38.900000, ZIC, 517, 10, 51.700000, 122, 124, 
trial0011165, 000600, AA, 1191, 12, 99.250000, GDX, 331, 10, 33.100000, ZIC, 500, 10, 50.000000, 138, 150, 
trial0011166, 000600, AA, 1028, 12, 85.666667, GDX, 599, 10, 59.900000, ZIC, 408, 10, 40.800000, 150, 158, 
trial0011167, 000600, AA, 1460, 12, 121.666667, GDX, 189, 10, 18.900000, ZIC, 231, 10, 23.100000, 157, 160, 
trial0011168, 000600, AA, 451, 12, 37.583333, GDX, 1066, 10, 106.600000, ZIC, 259, 10, 25.900000, 150, 157, 
trial0011169, 000600, AA, 946, 12, 78.833333, GDX, 1108, 10, 110.800000, ZIC, 476, 10, 47.600000, 83, 139, 
trial0011170, 000600, AA, 921, 12, 76.750000, GDX, 1016, 10, 101.600000, ZIC, 45, 10, 4.500000, 166, 195, 
trial0011171, 000600, AA, 1222, 12, 101.833333, GDX, 959, 10, 95.900000, ZIC, 335, 10, 33.500000, 136, 140, 
trial0011172, 000600, AA, 1577, 12, 131.416667, GDX, 525, 10, 52.500000, ZIC, 561, 10, 56.100000, 61, 139, 
trial0011173, 000600, AA, 1237, 12, 103.083333, GDX, 925, 10, 92.500000, ZIC, 435, 10, 43.500000, 82, 150, 
trial0011174, 000600, AA, 338, 12, 28.166667, GDX, 872, 10, 87.200000, ZIC, 133, 10, 13.300000, 165, 219, 
trial0011175, 000600, AA, 870, 12, 72.500000, GDX, 179, 10, 17.900000, ZIC, 514, 10, 51.400000, 129, 158, 
trial0011176, 000600, AA, 797, 12, 66.416667, GDX, 540, 10, 54.000000, ZIC, 163, 10, 16.300000, 140, 152, 
trial0011177, 000600, AA, 667, 12, 55.583333, GDX, 824, 10, 82.400000, ZIC, 704, 10, 70.400000, 140, 167, 
trial0011178, 000600, AA, 1567, 12, 130.583333, GDX, 47, 10, 4.700000, ZIC, 393, 10, 39.300000, 136, 139, 
trial0011179, 000600, AA, 587, 12, 48.916667, GDX, 840, 10, 84.000000, ZIC, 242, 10, 24.200000, 149, 163, 
trial0011180, 000600, AA, 650, 12, 54.166667, GDX, 907, 10, 90.700000, ZIC, 791, 10, 79.100000, 197, 208, 
trial0011181, 000600, AA, 1962, 12, 163.500000, GDX, 1127, 10, 112.700000, ZIC, 300, 10, 30.000000, 105, 106, 
trial0011182, 000600, AA, 1471, 12, 122.583333, GDX, 1469, 10, 146.900000, ZIC, 630, 10, 63.000000, 96, 109, 
trial0011183, 000600, AA, 501, 12, 41.750000, GDX, 1858, 10, 185.800000, ZIC, 452, 10, 45.200000, 70, 119, 
trial0011184, 000600, AA, 1444, 12, 120.333333, GDX, 1101, 10, 110.100000, ZIC, 290, 10, 29.000000, 136, 145, 
trial0011185, 000600, AA, 2432, 12, 202.666667, GDX, 1012, 10, 101.200000, ZIC, 470, 10, 47.000000, 128, 130, 
trial0011186, 000600, AA, 576, 12, 48.000000, GDX, 1277, 10, 127.700000, ZIC, 1140, 10, 114.000000, 120, 123, 
trial0011187, 000600, AA, 1510, 12, 125.833333, GDX, 2266, 10, 226.600000, ZIC, 544, 10, 54.400000, 121, 132, 
trial0011188, 000600, AA, 2375, 12, 197.916667, GDX, 1149, 10, 114.900000, ZIC, 438, 10, 43.800000, 90, 118, 
trial0011189, 000600, AA, 1293, 12, 107.750000, GDX, 1285, 10, 128.500000, ZIC, 478, 10, 47.800000, 124, 170, 
trial0011190, 000600, AA, 2122, 12, 176.833333, GDX, 1711, 10, 171.100000, ZIC, 278, 10, 27.800000, 164, 166, 
trial0011191, 000600, AA, 1856, 12, 154.666667, GDX, 1051, 10, 105.100000, ZIC, 900, 10, 90.000000, 107, 108, 
trial0011192, 000600, AA, 1983, 12, 165.250000, GDX, 339, 10, 33.900000, ZIC, 924, 10, 92.400000, 121, 139, 
trial0011193, 000600, AA, 2021, 12, 168.416667, GDX, 1813, 10, 181.300000, ZIC, 53, 10, 5.300000, 116, 136, 
trial0011194, 000600, AA, 1183, 12, 98.583333, GDX, 814, 10, 81.400000, ZIC, 1000, 10, 100.000000, 116, 133, 
trial0011195, 000600, AA, 2613, 12, 217.750000, GDX, 1143, 10, 114.300000, ZIC, 221, 10, 22.100000, 77, 81, 
trial0011196, 000600, AA, 2199, 12, 183.250000, GDX, 432, 10, 43.200000, ZIC, 1298, 10, 129.800000, 123, 131, 
trial0011197, 000600, AA, 1564, 12, 130.333333, GDX, 1962, 10, 196.200000, ZIC, 819, 10, 81.900000, 126, 128, 
trial0011198, 000600, AA, 1272, 12, 106.000000, GDX, 1426, 10, 142.600000, ZIC, 524, 10, 52.400000, 100, 126, 
trial0011199, 000600, AA, 2213, 12, 184.416667, GDX, 1012, 10, 101.200000, ZIC, 720, 10, 72.000000, 33, 93, 
trial0011200, 000600, AA, 2112, 12, 176.000000, GDX, 1361, 10, 136.100000, ZIC, 869, 10, 86.900000, 64, 105, 
trial0011201, 000600, AA, 1957, 12, 163.083333, GDX, 1181, 10, 118.100000, ZIC, 648, 10, 64.800000, 92, 128, 
trial0011202, 000600, AA, 1973, 12, 164.416667, GDX, 528, 10, 52.800000, ZIC, 1944, 10, 194.400000, 118, 126, 
trial0011203, 000600, AA, 2340, 12, 195.000000, GDX, 1118, 10, 111.800000, ZIC, 1456, 10, 145.600000, 171, 174, 
trial0011204, 000600, AA, 1990, 12, 165.833333, GDX, 1648, 10, 164.800000, ZIC, 766, 10, 76.600000, 156, 202, 
trial0011205, 000600, AA, 1691, 12, 140.916667, GDX, 1138, 10, 113.800000, ZIC, 1107, 10, 110.700000, 132, 133, 
trial0011206, 000600, AA, 1553, 12, 129.416667, GDX, 1180, 10, 118.000000, ZIC, 1290, 10, 129.000000, 66, 148, 
trial0011207, 000600, AA, 999, 12, 83.250000, GDX, 2068, 10, 206.800000, ZIC, 1486, 10, 148.600000, 110, 114, 
trial0011208, 000600, AA, 1297, 12, 108.083333, GDX, 1503, 10, 150.300000, ZIC, 958, 10, 95.800000, 130, 136, 
trial0011209, 000600, AA, 2252, 12, 187.666667, GDX, 703, 10, 70.300000, ZIC, 735, 10, 73.500000, 116, 125, 
trial0011210, 000600, AA, 2258, 12, 188.166667, GDX, 660, 10, 66.000000, ZIC, 1181, 10, 118.100000, 122, 159, 
trial0011211, 000600, AA, 1776, 12, 148.000000, GDX, 1092, 10, 109.200000, ZIC, 1495, 10, 149.500000, 133, 134, 
trial0011212, 000600, AA, 1757, 12, 146.416667, GDX, 1077, 10, 107.700000, ZIC, 599, 10, 59.900000, 160, 165, 
trial0011213, 000600, AA, 2199, 12, 183.250000, GDX, 741, 10, 74.100000, ZIC, 527, 10, 52.700000, 124, 155, 
trial0011214, 000600, AA, 1850, 12, 154.166667, GDX, 1378, 10, 137.800000, ZIC, 1563, 10, 156.300000, 134, 138, 
trial0011215, 000600, AA, 2727, 12, 227.250000, GDX, 736, 10, 73.600000, ZIC, 1668, 10, 166.800000, 122, 125, 
trial0011216, 000600, AA, 1643, 12, 136.916667, GDX, 878, 10, 87.800000, ZIC, 525, 10, 52.500000, 132, 136, 
trial0011217, 000600, AA, 1595, 12, 132.916667, GDX, 1516, 10, 151.600000, ZIC, 720, 10, 72.000000, 136, 161, 
trial0011218, 000600, AA, 1571, 12, 130.916667, GDX, 925, 10, 92.500000, ZIC, 1768, 10, 176.800000, 127, 138, 
trial0011219, 000600, AA, 2112, 12, 176.000000, GDX, 1065, 10, 106.500000, ZIC, 759, 10, 75.900000, 137, 155, 
trial0011220, 000600, AA, 2433, 12, 202.750000, GDX, 746, 10, 74.600000, ZIC, 587, 10, 58.700000, 66, 143, 
trial0011221, 000600, AA, 391, 12, 32.583333, GDX, 816, 10, 81.600000, ZIC, 214, 10, 21.400000, 147, 177, 
trial0011222, 000600, AA, 846, 12, 70.500000, GDX, 296, 10, 29.600000, ZIC, 162, 10, 16.200000, 84, 156, 
trial0011223, 000600, AA, 615, 12, 51.250000, GDX, 782, 10, 78.200000, ZIC, 179, 10, 17.900000, 114, 154, 
trial0011224, 000600, AA, 978, 12, 81.500000, GDX, 333, 10, 33.300000, ZIC, 420, 10, 42.000000, 154, 163, 
trial0011225, 000600, AA, 442, 12, 36.833333, GDX, 703, 10, 70.300000, ZIC, 323, 10, 32.300000, 153, 162, 
trial0011226, 000600, AA, 875, 12, 72.916667, GDX, 383, 10, 38.300000, ZIC, 680, 10, 68.000000, 146, 158, 
trial0011227, 000600, AA, 680, 12, 56.666667, GDX, 409, 10, 40.900000, ZIC, 545, 10, 54.500000, 152, 154, 
trial0011228, 000600, AA, 449, 12, 37.416667, GDX, 633, 10, 63.300000, ZIC, 323, 10, 32.300000, 156, 198, 
trial0011229, 000600, AA, 581, 12, 48.416667, GDX, 754, 10, 75.400000, ZIC, 250, 10, 25.000000, 180, 181, 
trial0011230, 000600, AA, 1018, 12, 84.833333, GDX, 431, 10, 43.100000, ZIC, 210, 10, 21.000000, 134, 142, 
trial0011231, 000600, AA, 348, 12, 29.000000, GDX, 689, 10, 68.900000, ZIC, 55, 10, 5.500000, 140, 143, 
trial0011232, 000600, AA, 696, 12, 58.000000, GDX, 445, 10, 44.500000, ZIC, 223, 10, 22.300000, 163, 186, 
trial0011233, 000600, AA, 379, 12, 31.583333, GDX, 634, 10, 63.400000, ZIC, 195, 10, 19.500000, 156, 173, 
trial0011234, 000600, AA, 931, 12, 77.583333, GDX, 466, 10, 46.600000, ZIC, 216, 10, 21.600000, 127, 141, 
trial0011235, 000600, AA, 469, 12, 39.083333, GDX, 244, 10, 24.400000, ZIC, 726, 10, 72.600000, 148, 156, 
trial0011236, 000600, AA, 398, 12, 33.166667, GDX, 482, 10, 48.200000, ZIC, 346, 10, 34.600000, 160, 164, 
trial0011237, 000600, AA, 579, 12, 48.250000, GDX, 690, 10, 69.000000, ZIC, 214, 10, 21.400000, 146, 168, 
trial0011238, 000600, AA, 607, 12, 50.583333, GDX, 308, 10, 30.800000, ZIC, 338, 10, 33.800000, 135, 148, 
trial0011239, 000600, AA, 536, 12, 44.666667, GDX, 711, 10, 71.100000, ZIC, 197, 10, 19.700000, 143, 155, 
trial0011240, 000600, AA, 945, 12, 78.750000, GDX, 628, 10, 62.800000, ZIC, 373, 10, 37.300000, 176, 183, 
trial0011241, 000600, AA, 1198, 12, 99.833333, GDX, 1251, 10, 125.100000, ZIC, 208, 10, 20.800000, 133, 141, 
trial0011242, 000600, AA, 761, 12, 63.416667, GDX, 752, 10, 75.200000, ZIC, 884, 10, 88.400000, 156, 160, 
trial0011243, 000600, AA, 1477, 12, 123.083333, GDX, 678, 10, 67.800000, ZIC, 406, 10, 40.600000, 57, 156, 
trial0011244, 000600, AA, 584, 12, 48.666667, GDX, 1433, 10, 143.300000, ZIC, 503, 10, 50.300000, 124, 143, 
trial0011245, 000600, AA, 1059, 12, 88.250000, GDX, 1406, 10, 140.600000, ZIC, 599, 10, 59.900000, 114, 116, 
trial0011246, 000600, AA, 394, 12, 32.833333, GDX, 1423, 10, 142.300000, ZIC, 561, 10, 56.100000, 146, 148, 
trial0011247, 000600, AA, 1055, 12, 87.916667, GDX, 325, 10, 32.500000, ZIC, 1032, 10, 103.200000, 152, 202, 
trial0011248, 000600, AA, 1273, 12, 106.083333, GDX, 890, 10, 89.000000, ZIC, 713, 10, 71.300000, 158, 159, 
trial0011249, 000600, AA, 1551, 12, 129.250000, GDX, 1016, 10, 101.600000, ZIC, 251, 10, 25.100000, 152, 159, 
trial0011250, 000600, AA, 1922, 12, 160.166667, GDX, 379, 10, 37.900000, ZIC, 642, 10, 64.200000, 140, 142, 
trial0011251, 000600, AA, 1512, 12, 126.000000, GDX, 339, 10, 33.900000, ZIC, 433, 10, 43.300000, 162, 167, 
trial0011252, 000600, AA, 1154, 12, 96.166667, GDX, 925, 10, 92.500000, ZIC, 321, 10, 32.100000, 134, 137, 
trial0011253, 000600, AA, 1246, 12, 103.833333, GDX, 1103, 10, 110.300000, ZIC, 1048, 10, 104.800000, 118, 121, 
trial0011254, 000600, AA, 1354, 12, 112.833333, GDX, 1188, 10, 118.800000, ZIC, 442, 10, 44.200000, 157, 166, 
trial0011255, 000600, AA, 1104, 12, 92.000000, GDX, 900, 10, 90.000000, ZIC, 453, 10, 45.300000, 140, 147, 
trial0011256, 000600, AA, 715, 12, 59.583333, GDX, 1192, 10, 119.200000, ZIC, 87, 10, 8.700000, 116, 120, 
trial0011257, 000600, AA, 1026, 12, 85.500000, GDX, 1235, 10, 123.500000, ZIC, 680, 10, 68.000000, 156, 167, 
trial0011258, 000600, AA, 893, 12, 74.416667, GDX, 899, 10, 89.900000, ZIC, 1279, 10, 127.900000, 147, 151, 
trial0011259, 000600, AA, 2194, 12, 182.833333, GDX, 619, 10, 61.900000, ZIC, 94, 10, 9.400000, 145, 148, 
trial0011260, 000600, AA, 1023, 12, 85.250000, GDX, 919, 10, 91.900000, ZIC, 395, 10, 39.500000, 128, 147, 
trial0011261, 000600, AA, 1638, 12, 136.500000, GDX, 701, 10, 70.100000, ZIC, 165, 10, 16.500000, 127, 130, 
trial0011262, 000600, AA, 1653, 12, 137.750000, GDX, 990, 10, 99.000000, ZIC, 628, 10, 62.800000, 96, 110, 
trial0011263, 000600, AA, 1035, 12, 86.250000, GDX, 1297, 10, 129.700000, ZIC, 932, 10, 93.200000, 56, 120, 
trial0011264, 000600, AA, 1571, 12, 130.916667, GDX, 1296, 10, 129.600000, ZIC, 761, 10, 76.100000, 84, 86, 
trial0011265, 000600, AA, 1282, 12, 106.833333, GDX, 852, 10, 85.200000, ZIC, 700, 10, 70.000000, 72, 73, 
trial0011266, 000600, AA, 1564, 12, 130.333333, GDX, 1351, 10, 135.100000, ZIC, 764, 10, 76.400000, 47, 94, 
trial0011267, 000600, AA, 2002, 12, 166.833333, GDX, 1099, 10, 109.900000, ZIC, 45, 10, 4.500000, 50, 104, 
trial0011268, 000600, AA, 1563, 12, 130.250000, GDX, 948, 10, 94.800000, ZIC, 651, 10, 65.100000, 112, 143, 
trial0011269, 000600, AA, 1565, 12, 130.416667, GDX, 785, 10, 78.500000, ZIC, 706, 10, 70.600000, 114, 115, 
trial0011270, 000600, AA, 1961, 12, 163.416667, GDX, 1570, 10, 157.000000, ZIC, 565, 10, 56.500000, 90, 98, 
trial0011271, 000600, AA, 1193, 12, 99.416667, GDX, 2002, 10, 200.200000, ZIC, 602, 10, 60.200000, 114, 142, 
trial0011272, 000600, AA, 1474, 12, 122.833333, GDX, 918, 10, 91.800000, ZIC, 1142, 10, 114.200000, 106, 111, 
trial0011273, 000600, AA, 1192, 12, 99.333333, GDX, 559, 10, 55.900000, ZIC, 1547, 10, 154.700000, 87, 104, 
trial0011274, 000600, AA, 1304, 12, 108.666667, GDX, 518, 10, 51.800000, ZIC, 776, 10, 77.600000, 101, 106, 
trial0011275, 000600, AA, 1331, 12, 110.916667, GDX, 673, 10, 67.300000, ZIC, 948, 10, 94.800000, 89, 102, 
trial0011276, 000600, AA, 1812, 12, 151.000000, GDX, 1189, 10, 118.900000, ZIC, 193, 10, 19.300000, 53, 97, 
trial0011277, 000600, AA, 417, 12, 34.750000, GDX, 1273, 10, 127.300000, ZIC, 1002, 10, 100.200000, 88, 90, 
trial0011278, 000600, AA, 832, 12, 69.333333, GDX, 1147, 10, 114.700000, ZIC, 914, 10, 91.400000, 117, 119, 
trial0011279, 000600, AA, 1974, 12, 164.500000, GDX, 790, 10, 79.000000, ZIC, 323, 10, 32.300000, 90, 120, 
trial0011280, 000600, AA, 1007, 12, 83.916667, GDX, 863, 10, 86.300000, ZIC, 633, 10, 63.300000, 100, 102, 
trial0011281, 000600, AA, 595, 12, 49.583333, GDX, 1228, 10, 122.800000, ZIC, 387, 10, 38.700000, 76, 97, 
trial0011282, 000600, AA, 567, 12, 47.250000, GDX, 1316, 10, 131.600000, ZIC, 272, 10, 27.200000, 75, 100, 
trial0011283, 000600, AA, 1196, 12, 99.666667, GDX, 698, 10, 69.800000, ZIC, 404, 10, 40.400000, 84, 88, 
trial0011284, 000600, AA, 1123, 12, 93.583333, GDX, 728, 10, 72.800000, ZIC, 341, 10, 34.100000, 102, 117, 
trial0011285, 000600, AA, 1286, 12, 107.166667, GDX, 206, 10, 20.600000, ZIC, 705, 10, 70.500000, 106, 110, 
trial0011286, 000600, AA, 1041, 12, 86.750000, GDX, 824, 10, 82.400000, ZIC, 523, 10, 52.300000, 96, 97, 
trial0011287, 000600, AA, 692, 12, 57.666667, GDX, 985, 10, 98.500000, ZIC, 770, 10, 77.000000, 107, 120, 
trial0011288, 000600, AA, 1009, 12, 84.083333, GDX, 865, 10, 86.500000, ZIC, 495, 10, 49.500000, 114, 126, 
trial0011289, 000600, AA, 502, 12, 41.833333, GDX, 1615, 10, 161.500000, ZIC, 349, 10, 34.900000, 86, 99, 
trial0011290, 000600, AA, 493, 12, 41.083333, GDX, 981, 10, 98.100000, ZIC, 757, 10, 75.700000, 108, 112, 
trial0011291, 000600, AA, 669, 12, 55.750000, GDX, 970, 10, 97.000000, ZIC, 554, 10, 55.400000, 86, 91, 
trial0011292, 000600, AA, 1256, 12, 104.666667, GDX, 655, 10, 65.500000, ZIC, 336, 10, 33.600000, 98, 112, 
trial0011293, 000600, AA, 717, 12, 59.750000, GDX, 1148, 10, 114.800000, ZIC, 315, 10, 31.500000, 108, 114, 
trial0011294, 000600, AA, 996, 12, 83.000000, GDX, 617, 10, 61.700000, ZIC, 527, 10, 52.700000, 96, 112, 
trial0011295, 000600, AA, 989, 12, 82.416667, GDX, 944, 10, 94.400000, ZIC, 739, 10, 73.900000, 98, 108, 
trial0011296, 000600, AA, 758, 12, 63.166667, GDX, 560, 10, 56.000000, ZIC, 376, 10, 37.600000, 102, 114, 
trial0011297, 000600, AA, 1055, 12, 87.916667, GDX, 528, 10, 52.800000, ZIC, 171, 10, 17.100000, 86, 103, 
trial0011298, 000600, AA, 1160, 12, 96.666667, GDX, 326, 10, 32.600000, ZIC, 763, 10, 76.300000, 93, 104, 
trial0011299, 000600, AA, 1230, 12, 102.500000, GDX, 788, 10, 78.800000, ZIC, 1155, 10, 115.500000, 72, 87, 
trial0011300, 000600, AA, 1254, 12, 104.500000, GDX, 592, 10, 59.200000, ZIC, 416, 10, 41.600000, 108, 109, 
trial0011301, 000600, AA, 750, 12, 62.500000, GDX, 1017, 10, 101.700000, ZIC, 901, 10, 90.100000, 133, 162, 
trial0011302, 000600, AA, 614, 12, 51.166667, GDX, 687, 10, 68.700000, ZIC, 721, 10, 72.100000, 109, 112, 
trial0011303, 000600, AA, 1124, 12, 93.666667, GDX, 486, 10, 48.600000, ZIC, 496, 10, 49.600000, 116, 172, 
trial0011304, 000600, AA, 651, 12, 54.250000, GDX, 1267, 10, 126.700000, ZIC, 176, 10, 17.600000, 101, 115, 
trial0011305, 000600, AA, 567, 12, 47.250000, GDX, 889, 10, 88.900000, ZIC, 346, 10, 34.600000, 102, 113, 
trial0011306, 000600, AA, 1652, 12, 137.666667, GDX, 774, 10, 77.400000, ZIC, 580, 10, 58.000000, 99, 105, 
trial0011307, 000600, AA, 730, 12, 60.833333, GDX, 404, 10, 40.400000, ZIC, 845, 10, 84.500000, 110, 122, 
trial0011308, 000600, AA, 953, 12, 79.416667, GDX, 1179, 10, 117.900000, ZIC, 274, 10, 27.400000, 98, 100, 
trial0011309, 000600, AA, 796, 12, 66.333333, GDX, 1144, 10, 114.400000, ZIC, 186, 10, 18.600000, 124, 133, 
trial0011310, 000600, AA, 1135, 12, 94.583333, GDX, 1289, 10, 128.900000, ZIC, 215, 10, 21.500000, 97, 103, 
trial0011311, 000600, AA, 889, 12, 74.083333, GDX, 976, 10, 97.600000, ZIC, 681, 10, 68.100000, 109, 113, 
trial0011312, 000600, AA, 1361, 12, 113.416667, GDX, 291, 10, 29.100000, ZIC, 502, 10, 50.200000, 103, 105, 
trial0011313, 000600, AA, 841, 12, 70.083333, GDX, 967, 10, 96.700000, ZIC, 467, 10, 46.700000, 74, 80, 
trial0011314, 000600, AA, 764, 12, 63.666667, GDX, 390, 10, 39.000000, ZIC, 661, 10, 66.100000, 119, 123, 
trial0011315, 000600, AA, 792, 12, 66.000000, GDX, 904, 10, 90.400000, ZIC, 448, 10, 44.800000, 104, 109, 
trial0011316, 000600, AA, 934, 12, 77.833333, GDX, 661, 10, 66.100000, ZIC, 634, 10, 63.400000, 96, 126, 
trial0011317, 000600, AA, 741, 12, 61.750000, GDX, 943, 10, 94.300000, ZIC, 610, 10, 61.000000, 98, 100, 
trial0011318, 000600, AA, 1206, 12, 100.500000, GDX, 868, 10, 86.800000, ZIC, 448, 10, 44.800000, 92, 94, 
trial0011319, 000600, AA, 1444, 12, 120.333333, GDX, 635, 10, 63.500000, ZIC, 376, 10, 37.600000, 136, 141, 
trial0011320, 000600, AA, 981, 12, 81.750000, GDX, 713, 10, 71.300000, ZIC, 492, 10, 49.200000, 67, 69, 
trial0011321, 000600, AA, 1236, 12, 103.000000, GDX, 668, 10, 66.800000, ZIC, 358, 10, 35.800000, 97, 106, 
trial0011322, 000600, AA, 1888, 12, 157.333333, GDX, 574, 10, 57.400000, ZIC, 79, 10, 7.900000, 100, 101, 
trial0011323, 000600, AA, 1245, 12, 103.750000, GDX, 991, 10, 99.100000, ZIC, 562, 10, 56.200000, 104, 138, 
trial0011324, 000600, AA, 684, 12, 57.000000, GDX, 786, 10, 78.600000, ZIC, 556, 10, 55.600000, 123, 126, 
trial0011325, 000600, AA, 691, 12, 57.583333, GDX, 496, 10, 49.600000, ZIC, 1156, 10, 115.600000, 94, 113, 
trial0011326, 000600, AA, 850, 12, 70.833333, GDX, 1078, 10, 107.800000, ZIC, 193, 10, 19.300000, 100, 107, 
trial0011327, 000600, AA, 723, 12, 60.250000, GDX, 877, 10, 87.700000, ZIC, 282, 10, 28.200000, 118, 119, 
trial0011328, 000600, AA, 948, 12, 79.000000, GDX, 868, 10, 86.800000, ZIC, 673, 10, 67.300000, 100, 104, 
trial0011329, 000600, AA, 774, 12, 64.500000, GDX, 245, 10, 24.500000, ZIC, 809, 10, 80.900000, 92, 155, 
trial0011330, 000600, AA, 1001, 12, 83.416667, GDX, 1070, 10, 107.000000, ZIC, 529, 10, 52.900000, 104, 108, 
trial0011331, 000600, AA, 938, 12, 78.166667, GDX, 672, 10, 67.200000, ZIC, 585, 10, 58.500000, 117, 125, 
trial0011332, 000600, AA, 1085, 12, 90.416667, GDX, 529, 10, 52.900000, ZIC, 224, 10, 22.400000, 111, 139, 
trial0011333, 000600, AA, 708, 12, 59.000000, GDX, 1546, 10, 154.600000, ZIC, 231, 10, 23.100000, 115, 132, 
trial0011334, 000600, AA, 1281, 12, 106.750000, GDX, 671, 10, 67.100000, ZIC, 715, 10, 71.500000, 114, 127, 
trial0011335, 000600, AA, 1421, 12, 118.416667, GDX, 821, 10, 82.100000, ZIC, 36, 10, 3.600000, 100, 115, 
trial0011336, 000600, AA, 1707, 12, 142.250000, GDX, 112, 10, 11.200000, ZIC, 685, 10, 68.500000, 122, 124, 
trial0011337, 000600, AA, 608, 12, 50.666667, GDX, 664, 10, 66.400000, ZIC, 613, 10, 61.300000, 114, 121, 
trial0011338, 000600, AA, 931, 12, 77.583333, GDX, 929, 10, 92.900000, ZIC, 486, 10, 48.600000, 87, 101, 
trial0011339, 000600, AA, 840, 12, 70.000000, GDX, 1169, 10, 116.900000, ZIC, 546, 10, 54.600000, 81, 86, 
trial0011340, 000600, AA, 1455, 12, 121.250000, GDX, 341, 10, 34.100000, ZIC, 474, 10, 47.400000, 116, 119, 
trial0011341, 000600, AA, 972, 12, 81.000000, GDX, 845, 10, 84.500000, ZIC, 819, 10, 81.900000, 116, 156, 
trial0011342, 000600, AA, 832, 12, 69.333333, GDX, 798, 10, 79.800000, ZIC, 539, 10, 53.900000, 123, 170, 
trial0011343, 000600, AA, 1331, 12, 110.916667, GDX, 781, 10, 78.100000, ZIC, 196, 10, 19.600000, 125, 192, 
trial0011344, 000600, AA, 952, 12, 79.333333, GDX, 1325, 10, 132.500000, ZIC, 814, 10, 81.400000, 122, 128, 
trial0011345, 000600, AA, 1583, 12, 131.916667, GDX, 1505, 10, 150.500000, ZIC, 703, 10, 70.300000, 102, 125, 
trial0011346, 000600, AA, 518, 12, 43.166667, GDX, 1156, 10, 115.600000, ZIC, 1125, 10, 112.500000, 121, 143, 
trial0011347, 000600, AA, 1587, 12, 132.250000, GDX, 890, 10, 89.000000, ZIC, 717, 10, 71.700000, 130, 139, 
trial0011348, 000600, AA, 773, 12, 64.416667, GDX, 1015, 10, 101.500000, ZIC, 733, 10, 73.300000, 105, 108, 
trial0011349, 000600, AA, 617, 12, 51.416667, GDX, 1570, 10, 157.000000, ZIC, 1036, 10, 103.600000, 139, 192, 
trial0011350, 000600, AA, 1490, 12, 124.166667, GDX, 964, 10, 96.400000, ZIC, 93, 10, 9.300000, 142, 150, 
trial0011351, 000600, AA, 1532, 12, 127.666667, GDX, 1391, 10, 139.100000, ZIC, 687, 10, 68.700000, 125, 133, 
trial0011352, 000600, AA, 1102, 12, 91.833333, GDX, 1202, 10, 120.200000, ZIC, 583, 10, 58.300000, 113, 116, 
trial0011353, 000600, AA, 1463, 12, 121.916667, GDX, 862, 10, 86.200000, ZIC, 489, 10, 48.900000, 134, 138, 
trial0011354, 000600, AA, 880, 12, 73.333333, GDX, 1363, 10, 136.300000, ZIC, 909, 10, 90.900000, 112, 118, 
trial0011355, 000600, AA, 1004, 12, 83.666667, GDX, 701, 10, 70.100000, ZIC, 926, 10, 92.600000, 131, 158, 
trial0011356, 000600, AA, 1375, 12, 114.583333, GDX, 1254, 10, 125.400000, ZIC, 742, 10, 74.200000, 123, 132, 
trial0011357, 000600, AA, 1271, 12, 105.916667, GDX, 1553, 10, 155.300000, ZIC, 272, 10, 27.200000, 133, 165, 
trial0011358, 000600, AA, 1744, 12, 145.333333, GDX, 799, 10, 79.900000, ZIC, 740, 10, 74.000000, 124, 129, 
trial0011359, 000600, AA, 1641, 12, 136.750000, GDX, 848, 10, 84.800000, ZIC, 708, 10, 70.800000, 114, 122, 
trial0011360, 000600, AA, 1711, 12, 142.583333, GDX, 1295, 10, 129.500000, ZIC, 41, 10, 4.100000, 92, 116, 
trial0011361, 000600, AA, 978, 12, 81.500000, GDX, 422, 10, 42.200000, ZIC, 530, 10, 53.000000, 152, 157, 
trial0011362, 000600, AA, 613, 12, 51.083333, GDX, 820, 10, 82.000000, ZIC, 29, 10, 2.900000, 148, 153, 
trial0011363, 000600, AA, 152, 12, 12.666667, GDX, 508, 10, 50.800000, ZIC, 88, 10, 8.800000, 144, 149, 
trial0011364, 000600, AA, 1048, 12, 87.333333, GDX, 374, 10, 37.400000, ZIC, 366, 10, 36.600000, 158, 186, 
trial0011365, 000600, AA, 931, 12, 77.583333, GDX, 367, 10, 36.700000, ZIC, 369, 10, 36.900000, 127, 137, 
trial0011366, 000600, AA, 1306, 12, 108.833333, GDX, 742, 10, 74.200000, ZIC, 80, 10, 8.000000, 160, 177, 
trial0011367, 000600, AA, 1068, 12, 89.000000, GDX, 334, 10, 33.400000, ZIC, 254, 10, 25.400000, 160, 161, 
trial0011368, 000600, AA, 912, 12, 76.000000, GDX, 572, 10, 57.200000, ZIC, 194, 10, 19.400000, 138, 141, 
trial0011369, 000600, AA, 823, 12, 68.583333, GDX, 248, 10, 24.800000, ZIC, 986, 10, 98.600000, 145, 165, 
trial0011370, 000600, AA, 568, 12, 47.333333, GDX, 663, 10, 66.300000, ZIC, 313, 10, 31.300000, 166, 187, 
trial0011371, 000600, AA, 1057, 12, 88.083333, GDX, 533, 10, 53.300000, ZIC, 112, 10, 11.200000, 166, 168, 
trial0011372, 000600, AA, 396, 12, 33.000000, GDX, 593, 10, 59.300000, ZIC, 359, 10, 35.900000, 142, 156, 
trial0011373, 000600, AA, 623, 12, 51.916667, GDX, 970, 10, 97.000000, ZIC, 211, 10, 21.100000, 135, 137, 
trial0011374, 000600, AA, 113, 12, 9.416667, GDX, 393, 10, 39.300000, ZIC, 227, 10, 22.700000, 152, 183, 
trial0011375, 000600, AA, 465, 12, 38.750000, GDX, 772, 10, 77.200000, ZIC, 297, 10, 29.700000, 134, 143, 
trial0011376, 000600, AA, 881, 12, 73.416667, GDX, 673, 10, 67.300000, ZIC, 173, 10, 17.300000, 165, 177, 
trial0011377, 000600, AA, 536, 12, 44.666667, GDX, 475, 10, 47.500000, ZIC, 136, 10, 13.600000, 165, 173, 
trial0011378, 000600, AA, 921, 12, 76.750000, GDX, 415, 10, 41.500000, ZIC, 432, 10, 43.200000, 142, 147, 
trial0011379, 000600, AA, 898, 12, 74.833333, GDX, 630, 10, 63.000000, ZIC, 486, 10, 48.600000, 132, 146, 
trial0011380, 000600, AA, 600, 12, 50.000000, GDX, 222, 10, 22.200000, ZIC, 408, 10, 40.800000, 121, 128, 
trial0011381, 000600, AA, 1189, 12, 99.083333, GDX, 1284, 10, 128.400000, ZIC, 268, 10, 26.800000, 134, 143, 
trial0011382, 000600, AA, 1038, 12, 86.500000, GDX, 1527, 10, 152.700000, ZIC, 1167, 10, 116.700000, 104, 109, 
trial0011383, 000600, AA, 1565, 12, 130.416667, GDX, 815, 10, 81.500000, ZIC, 866, 10, 86.600000, 123, 138, 
trial0011384, 000600, AA, 1660, 12, 138.333333, GDX, 672, 10, 67.200000, ZIC, 745, 10, 74.500000, 108, 116, 
trial0011385, 000600, AA, 1138, 12, 94.833333, GDX, 706, 10, 70.600000, ZIC, 1205, 10, 120.500000, 115, 210, 
trial0011386, 000600, AA, 2205, 12, 183.750000, GDX, 611, 10, 61.100000, ZIC, 965, 10, 96.500000, 96, 99, 
trial0011387, 000600, AA, 804, 12, 67.000000, GDX, 1675, 10, 167.500000, ZIC, 381, 10, 38.100000, 76, 130, 
trial0011388, 000600, AA, 1270, 12, 105.833333, GDX, 1378, 10, 137.800000, ZIC, 998, 10, 99.800000, 104, 126, 
trial0011389, 000600, AA, 1136, 12, 94.666667, GDX, 1506, 10, 150.600000, ZIC, 970, 10, 97.000000, 98, 114, 
trial0011390, 000600, AA, 2318, 12, 193.166667, GDX, 779, 10, 77.900000, ZIC, 264, 10, 26.400000, 114, 159, 
trial0011391, 000600, AA, 1309, 12, 109.083333, GDX, 884, 10, 88.400000, ZIC, 996, 10, 99.600000, 104, 142, 
trial0011392, 000600, AA, 2079, 12, 173.250000, GDX, 236, 10, 23.600000, ZIC, 486, 10, 48.600000, 90, 97, 
trial0011393, 000600, AA, 1109, 12, 92.416667, GDX, 1249, 10, 124.900000, ZIC, 979, 10, 97.900000, 133, 145, 
trial0011394, 000600, AA, 1975, 12, 164.583333, GDX, 833, 10, 83.300000, ZIC, 680, 10, 68.000000, 124, 126, 
trial0011395, 000600, AA, 1203, 12, 100.250000, GDX, 1318, 10, 131.800000, ZIC, 699, 10, 69.900000, 130, 131, 
trial0011396, 000600, AA, 856, 12, 71.333333, GDX, 1166, 10, 116.600000, ZIC, 645, 10, 64.500000, 145, 156, 
trial0011397, 000600, AA, 1322, 12, 110.166667, GDX, 1433, 10, 143.300000, ZIC, 1558, 10, 155.800000, 104, 149, 
trial0011398, 000600, AA, 954, 12, 79.500000, GDX, 1590, 10, 159.000000, ZIC, 919, 10, 91.900000, 116, 130, 
trial0011399, 000600, AA, 1596, 12, 133.000000, GDX, 996, 10, 99.600000, ZIC, 421, 10, 42.100000, 120, 125, 
trial0011400, 000600, AA, 1638, 12, 136.500000, GDX, 802, 10, 80.200000, ZIC, 462, 10, 46.200000, 144, 154, 
trial0011401, 000600, AA, 98, 12, 8.166667, GDX, 419, 10, 41.900000, ZIC, 21, 10, 2.100000, 143, 151, 
trial0011402, 000600, AA, 203, 12, 16.916667, GDX, 75, 10, 7.500000, ZIC, 88, 10, 8.800000, 122, 133, 
trial0011403, 000600, AA, 278, 12, 23.166667, GDX, 112, 10, 11.200000, ZIC, 78, 10, 7.800000, 133, 135, 
trial0011404, 000600, AA, 110, 12, 9.166667, GDX, 65, 10, 6.500000, ZIC, 185, 10, 18.500000, 125, 160, 
trial0011405, 000600, AA, 92, 12, 7.666667, GDX, 110, 10, 11.000000, ZIC, 77, 10, 7.700000, 150, 151, 
trial0011406, 000600, AA, 162, 12, 13.500000, GDX, 134, 10, 13.400000, ZIC, 81, 10, 8.100000, 97, 115, 
trial0011407, 000600, AA, 376, 12, 31.333333, GDX, 149, 10, 14.900000, ZIC, 16, 10, 1.600000, 98, 110, 
trial0011408, 000600, AA, 353, 12, 29.416667, GDX, 167, 10, 16.700000, ZIC, 111, 10, 11.100000, 116, 156, 
trial0011409, 000600, AA, 278, 12, 23.166667, GDX, 78, 10, 7.800000, ZIC, 90, 10, 9.000000, 120, 123, 
trial0011410, 000600, AA, 65, 12, 5.416667, GDX, 176, 10, 17.600000, ZIC, 136, 10, 13.600000, 112, 131, 
trial0011411, 000600, AA, 383, 12, 31.916667, GDX, 235, 10, 23.500000, ZIC, 58, 10, 5.800000, 126, 135, 
trial0011412, 000600, AA, 290, 12, 24.166667, GDX, 197, 10, 19.700000, ZIC, 100, 10, 10.000000, 112, 121, 
trial0011413, 000600, AA, 60, 12, 5.000000, GDX, 186, 10, 18.600000, ZIC, 5, 10, 0.500000, 149, 153, 
trial0011414, 000600, AA, 264, 12, 22.000000, GDX, 264, 10, 26.400000, ZIC, 51, 10, 5.100000, 114, 118, 
trial0011415, 000600, AA, 204, 12, 17.000000, GDX, 61, 10, 6.100000, ZIC, 110, 10, 11.000000, 141, 145, 
trial0011416, 000600, AA, 238, 12, 19.833333, GDX, 373, 10, 37.300000, ZIC, 76, 10, 7.600000, 136, 157, 
trial0011417, 000600, AA, 97, 12, 8.083333, GDX, 181, 10, 18.100000, ZIC, 110, 10, 11.000000, 117, 122, 
trial0011418, 000600, AA, 91, 12, 7.583333, GDX, 205, 10, 20.500000, ZIC, 55, 10, 5.500000, 150, 154, 
trial0011419, 000600, AA, 188, 12, 15.666667, GDX, 111, 10, 11.100000, ZIC, 47, 10, 4.700000, 108, 123, 
trial0011420, 000600, AA, 269, 12, 22.416667, GDX, 133, 10, 13.300000, ZIC, 58, 10, 5.800000, 112, 113, 
trial0011421, 000600, AA, 213, 12, 17.750000, GDX, 350, 10, 35.000000, ZIC, 111, 10, 11.100000, 141, 148, 
trial0011422, 000600, AA, 302, 12, 25.166667, GDX, 248, 10, 24.800000, ZIC, 227, 10, 22.700000, 136, 147, 
trial0011423, 000600, AA, 119, 12, 9.916667, GDX, 310, 10, 31.000000, ZIC, 46, 10, 4.600000, 137, 148, 
trial0011424, 000600, AA, 233, 12, 19.416667, GDX, 377, 10, 37.700000, ZIC, 321, 10, 32.100000, 142, 169, 
trial0011425, 000600, AA, 531, 12, 44.250000, GDX, 552, 10, 55.200000, ZIC, 63, 10, 6.300000, 121, 132, 
trial0011426, 000600, AA, 440, 12, 36.666667, GDX, 288, 10, 28.800000, ZIC, 300, 10, 30.000000, 108, 130, 
trial0011427, 000600, AA, 506, 12, 42.166667, GDX, 312, 10, 31.200000, ZIC, 49, 10, 4.900000, 152, 163, 
trial0011428, 000600, AA, 499, 12, 41.583333, GDX, 350, 10, 35.000000, ZIC, 78, 10, 7.800000, 139, 158, 
trial0011429, 000600, AA, 215, 12, 17.916667, GDX, 213, 10, 21.300000, ZIC, 275, 10, 27.500000, 112, 117, 
trial0011430, 000600, AA, 217, 12, 18.083333, GDX, 416, 10, 41.600000, ZIC, 54, 10, 5.400000, 144, 145, 
trial0011431, 000600, AA, 238, 12, 19.833333, GDX, 476, 10, 47.600000, ZIC, 158, 10, 15.800000, 156, 160, 
trial0011432, 000600, AA, 465, 12, 38.750000, GDX, 232, 10, 23.200000, ZIC, 155, 10, 15.500000, 107, 148, 
trial0011433, 000600, AA, 484, 12, 40.333333, GDX, 184, 10, 18.400000, ZIC, 109, 10, 10.900000, 158, 163, 
trial0011434, 000600, AA, 447, 12, 37.250000, GDX, 272, 10, 27.200000, ZIC, 345, 10, 34.500000, 122, 151, 
trial0011435, 000600, AA, 496, 12, 41.333333, GDX, 432, 10, 43.200000, ZIC, 110, 10, 11.000000, 127, 149, 
trial0011436, 000600, AA, 366, 12, 30.500000, GDX, 587, 10, 58.700000, ZIC, 64, 10, 6.400000, 124, 139, 
trial0011437, 000600, AA, 300, 12, 25.000000, GDX, 393, 10, 39.300000, ZIC, 96, 10, 9.600000, 140, 157, 
trial0011438, 000600, AA, 463, 12, 38.583333, GDX, 464, 10, 46.400000, ZIC, 227, 10, 22.700000, 124, 150, 
trial0011439, 000600, AA, 362, 12, 30.166667, GDX, 515, 10, 51.500000, ZIC, 61, 10, 6.100000, 118, 137, 
trial0011440, 000600, AA, 221, 12, 18.416667, GDX, 407, 10, 40.700000, ZIC, 43, 10, 4.300000, 110, 123, 
trial0011441, 000600, AA, 2279, 12, 189.916667, GDX, 694, 10, 69.400000, ZIC, 568, 10, 56.800000, 140, 143, 
trial0011442, 000600, AA, 1337, 12, 111.416667, GDX, 655, 10, 65.500000, ZIC, 874, 10, 87.400000, 148, 163, 
trial0011443, 000600, AA, 1289, 12, 107.416667, GDX, 842, 10, 84.200000, ZIC, 543, 10, 54.300000, 130, 133, 
trial0011444, 000600, AA, 1354, 12, 112.833333, GDX, 490, 10, 49.000000, ZIC, 600, 10, 60.000000, 120, 155, 
trial0011445, 000600, AA, 1550, 12, 129.166667, GDX, 762, 10, 76.200000, ZIC, 924, 10, 92.400000, 109, 122, 
trial0011446, 000600, AA, 1626, 12, 135.500000, GDX, 1288, 10, 128.800000, ZIC, 28, 10, 2.800000, 144, 154, 
trial0011447, 000600, AA, 775, 12, 64.583333, GDX, 781, 10, 78.100000, ZIC, 572, 10, 57.200000, 139, 247, 
trial0011448, 000600, AA, 1838, 12, 153.166667, GDX, 72, 10, 7.200000, ZIC, 1053, 10, 105.300000, 160, 175, 
trial0011449, 000600, AA, 2060, 12, 171.666667, GDX, 766, 10, 76.600000, ZIC, 183, 10, 18.300000, 162, 173, 
trial0011450, 000600, AA, 1136, 12, 94.666667, GDX, 825, 10, 82.500000, ZIC, 656, 10, 65.600000, 165, 192, 
trial0011451, 000600, AA, 903, 12, 75.250000, GDX, 1123, 10, 112.300000, ZIC, 601, 10, 60.100000, 178, 226, 
trial0011452, 000600, AA, 1491, 12, 124.250000, GDX, 1363, 10, 136.300000, ZIC, 162, 10, 16.200000, 179, 182, 
trial0011453, 000600, AA, 621, 12, 51.750000, GDX, 1224, 10, 122.400000, ZIC, 741, 10, 74.100000, 151, 161, 
trial0011454, 000600, AA, 601, 12, 50.083333, GDX, 702, 10, 70.200000, ZIC, 745, 10, 74.500000, 150, 156, 
trial0011455, 000600, AA, 1412, 12, 117.666667, GDX, 554, 10, 55.400000, ZIC, 183, 10, 18.300000, 152, 162, 
trial0011456, 000600, AA, 573, 12, 47.750000, GDX, 932, 10, 93.200000, ZIC, 1208, 10, 120.800000, 154, 163, 
trial0011457, 000600, AA, 1985, 12, 165.416667, GDX, 310, 10, 31.000000, ZIC, 513, 10, 51.300000, 139, 142, 
trial0011458, 000600, AA, 697, 12, 58.083333, GDX, 1180, 10, 118.000000, ZIC, 1050, 10, 105.000000, 154, 207, 
trial0011459, 000600, AA, 1293, 12, 107.750000, GDX, 886, 10, 88.600000, ZIC, 612, 10, 61.200000, 46, 163, 
trial0011460, 000600, AA, 1136, 12, 94.666667, GDX, 924, 10, 92.400000, ZIC, 1221, 10, 122.100000, 120, 152, 
trial0011461, 000600, AA, 1588, 12, 132.333333, GDX, 600, 10, 60.000000, ZIC, 1320, 10, 132.000000, 109, 130, 
trial0011462, 000600, AA, 1793, 12, 149.416667, GDX, 834, 10, 83.400000, ZIC, 1192, 10, 119.200000, 116, 120, 
trial0011463, 000600, AA, 1361, 12, 113.416667, GDX, 1198, 10, 119.800000, ZIC, 853, 10, 85.300000, 83, 87, 
trial0011464, 000600, AA, 1072, 12, 89.333333, GDX, 1409, 10, 140.900000, ZIC, 860, 10, 86.000000, 78, 94, 
trial0011465, 000600, AA, 1506, 12, 125.500000, GDX, 816, 10, 81.600000, ZIC, 995, 10, 99.500000, 41, 100, 
trial0011466, 000600, AA, 1805, 12, 150.416667, GDX, 657, 10, 65.700000, ZIC, 1361, 10, 136.100000, 114, 120, 
trial0011467, 000600, AA, 976, 12, 81.333333, GDX, 1048, 10, 104.800000, ZIC, 1133, 10, 113.300000, 142, 153, 
trial0011468, 000600, AA, 1435, 12, 119.583333, GDX, 550, 10, 55.000000, ZIC, 648, 10, 64.800000, 102, 107, 
trial0011469, 000600, AA, 1818, 12, 151.500000, GDX, 517, 10, 51.700000, ZIC, 993, 10, 99.300000, 103, 106, 
trial0011470, 000600, AA, 1515, 12, 126.250000, GDX, 1704, 10, 170.400000, ZIC, 576, 10, 57.600000, 99, 104, 
trial0011471, 000600, AA, 1915, 12, 159.583333, GDX, 1049, 10, 104.900000, ZIC, 1252, 10, 125.200000, 88, 96, 
trial0011472, 000600, AA, 1720, 12, 143.333333, GDX, 1130, 10, 113.000000, ZIC, 1144, 10, 114.400000, 88, 92, 
trial0011473, 000600, AA, 1147, 12, 95.583333, GDX, 1157, 10, 115.700000, ZIC, 678, 10, 67.800000, 135, 136, 
trial0011474, 000600, AA, 1508, 12, 125.666667, GDX, 1897, 10, 189.700000, ZIC, 1273, 10, 127.300000, 99, 129, 
trial0011475, 000600, AA, 1584, 12, 132.000000, GDX, 1153, 10, 115.300000, ZIC, 1026, 10, 102.600000, 122, 132, 
trial0011476, 000600, AA, 2089, 12, 174.083333, GDX, 626, 10, 62.600000, ZIC, 801, 10, 80.100000, 80, 109, 
trial0011477, 000600, AA, 2172, 12, 181.000000, GDX, 473, 10, 47.300000, ZIC, 358, 10, 35.800000, 112, 126, 
trial0011478, 000600, AA, 1582, 12, 131.833333, GDX, 1214, 10, 121.400000, ZIC, 1140, 10, 114.000000, 82, 91, 
trial0011479, 000600, AA, 1740, 12, 145.000000, GDX, 1814, 10, 181.400000, ZIC, 440, 10, 44.000000, 92, 94, 
trial0011480, 000600, AA, 2345, 12, 195.416667, GDX, 593, 10, 59.300000, ZIC, 835, 10, 83.500000, 104, 112, 
trial0011481, 000600, AA, 1364, 12, 113.666667, GDX, 1012, 10, 101.200000, ZIC, 765, 10, 76.500000, 124, 132, 
trial0011482, 000600, AA, 1462, 12, 121.833333, GDX, 845, 10, 84.500000, ZIC, 370, 10, 37.000000, 120, 126, 
trial0011483, 000600, AA, 1155, 12, 96.250000, GDX, 1933, 10, 193.300000, ZIC, 915, 10, 91.500000, 60, 92, 
trial0011484, 000600, AA, 929, 12, 77.416667, GDX, 1102, 10, 110.200000, ZIC, 325, 10, 32.500000, 114, 130, 
trial0011485, 000600, AA, 1806, 12, 150.500000, GDX, 1106, 10, 110.600000, ZIC, 651, 10, 65.100000, 89, 90, 
trial0011486, 000600, AA, 1583, 12, 131.916667, GDX, 768, 10, 76.800000, ZIC, 647, 10, 64.700000, 101, 102, 
trial0011487, 000600, AA, 1016, 12, 84.666667, GDX, 1304, 10, 130.400000, ZIC, 740, 10, 74.000000, 121, 130, 
trial0011488, 000600, AA, 718, 12, 59.833333, GDX, 1390, 10, 139.000000, ZIC, 948, 10, 94.800000, 118, 139, 
trial0011489, 000600, AA, 1611, 12, 134.250000, GDX, 296, 10, 29.600000, ZIC, 666, 10, 66.600000, 93, 117, 
trial0011490, 000600, AA, 1055, 12, 87.916667, GDX, 1371, 10, 137.100000, ZIC, 193, 10, 19.300000, 123, 138, 
trial0011491, 000600, AA, 1028, 12, 85.666667, GDX, 484, 10, 48.400000, ZIC, 407, 10, 40.700000, 124, 131, 
trial0011492, 000600, AA, 1311, 12, 109.250000, GDX, 1062, 10, 106.200000, ZIC, 468, 10, 46.800000, 108, 129, 
trial0011493, 000600, AA, 1957, 12, 163.083333, GDX, 294, 10, 29.400000, ZIC, 661, 10, 66.100000, 150, 153, 
trial0011494, 000600, AA, 1230, 12, 102.500000, GDX, 752, 10, 75.200000, ZIC, 354, 10, 35.400000, 125, 138, 
trial0011495, 000600, AA, 959, 12, 79.916667, GDX, 900, 10, 90.000000, ZIC, 1129, 10, 112.900000, 113, 122, 
trial0011496, 000600, AA, 1232, 12, 102.666667, GDX, 815, 10, 81.500000, ZIC, 552, 10, 55.200000, 119, 124, 
trial0011497, 000600, AA, 1117, 12, 93.083333, GDX, 794, 10, 79.400000, ZIC, 715, 10, 71.500000, 95, 118, 
trial0011498, 000600, AA, 1978, 12, 164.833333, GDX, 713, 10, 71.300000, ZIC, 215, 10, 21.500000, 133, 138, 
trial0011499, 000600, AA, 1126, 12, 93.833333, GDX, 471, 10, 47.100000, ZIC, 1002, 10, 100.200000, 130, 131, 
trial0011500, 000600, AA, 1205, 12, 100.416667, GDX, 869, 10, 86.900000, ZIC, 785, 10, 78.500000, 90, 94, 
